294 358
32 32 33 

1 1 39 323 INV
1 1 7 324 INV
1 1 41 64 INV
1 1 9 65 INV
1 1 43 66 INV
1 1 11 67 INV
1 1 45 68 INV
1 1 13 69 INV
1 1 47 70 INV
1 1 15 71 INV
1 1 49 72 INV
1 1 17 73 INV
1 1 51 74 INV
1 1 19 75 INV
1 1 53 76 INV
1 1 21 77 INV
1 1 55 78 INV
1 1 23 79 INV
1 1 57 80 INV
1 1 25 81 INV
1 1 59 82 INV
1 1 27 83 INV
2 1 44 12 84 AND
1 1 84 85 INV
2 1 43 11 86 AND
1 1 86 87 INV
2 1 66 67 88 AND
1 1 88 89 INV
2 1 42 10 90 AND
1 1 90 91 INV
2 1 42 10 92 XOR
2 1 41 9 93 AND
1 1 93 94 INV
2 1 64 65 95 AND
1 1 95 96 INV
2 1 40 8 97 AND
1 1 97 98 INV
2 1 40 8 99 XOR
2 1 39 7 100 AND
1 1 100 101 INV
2 1 323 324 102 AND
1 1 102 103 INV
2 1 38 6 104 AND
1 1 104 105 INV
2 1 38 6 106 XOR
2 1 37 5 107 AND
1 1 107 108 INV
2 1 36 4 109 AND
1 1 109 110 INV
2 1 35 3 111 AND
1 1 111 112 INV
2 1 34 2 113 AND
1 1 113 114 INV
2 1 33 1 115 AND
1 1 115 116 INV
2 1 32 0 117 AND
2 1 33 1 118 XOR
2 1 117 118 119 AND
1 1 119 120 INV
2 1 116 120 121 AND
1 1 121 122 INV
2 1 34 2 123 XOR
2 1 122 123 124 AND
1 1 124 125 INV
2 1 114 125 126 AND
1 1 126 127 INV
2 1 35 3 128 XOR
2 1 127 128 129 AND
1 1 129 130 INV
2 1 112 130 131 AND
1 1 131 132 INV
2 1 36 4 133 XOR
2 1 132 133 134 AND
1 1 134 135 INV
2 1 110 135 136 AND
1 1 136 137 INV
2 1 37 5 138 XOR
2 1 137 138 139 AND
1 1 139 140 INV
2 1 108 140 141 AND
1 1 141 142 INV
2 1 106 142 143 AND
1 1 143 144 INV
2 1 105 144 145 AND
1 1 145 146 INV
2 1 103 146 147 AND
1 1 147 148 INV
2 1 101 148 149 AND
1 1 149 150 INV
2 1 99 150 151 AND
1 1 151 152 INV
2 1 98 152 153 AND
1 1 153 154 INV
2 1 96 154 155 AND
1 1 155 156 INV
2 1 94 156 157 AND
1 1 157 158 INV
2 1 92 158 159 AND
1 1 159 160 INV
2 1 91 160 161 AND
1 1 161 162 INV
2 1 89 162 163 AND
1 1 163 164 INV
2 1 87 164 165 AND
1 1 165 166 INV
2 1 44 12 167 XOR
2 1 166 167 168 AND
1 1 168 169 INV
2 1 85 169 170 AND
1 1 170 171 INV
2 1 45 13 172 AND
1 1 172 173 INV
2 1 68 69 174 AND
1 1 174 175 INV
2 1 68 13 176 XOR
2 1 170 176 338 XOR
2 1 171 175 177 AND
1 1 177 178 INV
2 1 173 178 179 AND
1 1 179 180 INV
2 1 46 14 181 AND
1 1 181 182 INV
2 1 46 14 183 XOR
2 1 180 183 184 AND
1 1 184 185 INV
2 1 180 183 339 XOR
2 1 182 185 186 AND
1 1 186 187 INV
2 1 47 15 188 AND
1 1 188 189 INV
2 1 70 71 190 AND
1 1 190 191 INV
2 1 70 15 192 XOR
2 1 186 192 340 XOR
2 1 187 191 193 AND
1 1 193 194 INV
2 1 189 194 195 AND
1 1 195 196 INV
2 1 48 16 197 AND
1 1 197 198 INV
2 1 48 16 199 XOR
2 1 196 199 200 AND
1 1 200 201 INV
2 1 196 199 341 XOR
2 1 198 201 202 AND
1 1 202 203 INV
2 1 49 17 204 AND
1 1 204 205 INV
2 1 72 73 206 AND
1 1 206 207 INV
2 1 72 17 208 XOR
2 1 202 208 342 XOR
2 1 203 207 209 AND
1 1 209 210 INV
2 1 205 210 211 AND
1 1 211 212 INV
2 1 50 18 213 AND
1 1 213 214 INV
2 1 50 18 215 XOR
2 1 212 215 216 AND
1 1 216 217 INV
2 1 212 215 343 XOR
2 1 214 217 218 AND
1 1 218 219 INV
2 1 51 19 220 AND
1 1 220 221 INV
2 1 74 75 222 AND
1 1 222 223 INV
2 1 74 19 224 XOR
2 1 218 224 344 XOR
2 1 219 223 225 AND
1 1 225 226 INV
2 1 221 226 227 AND
1 1 227 228 INV
2 1 52 20 229 AND
1 1 229 230 INV
2 1 52 20 231 XOR
2 1 228 231 232 AND
1 1 232 233 INV
2 1 228 231 345 XOR
2 1 230 233 234 AND
1 1 234 235 INV
2 1 53 21 236 AND
1 1 236 237 INV
2 1 76 77 238 AND
1 1 238 239 INV
2 1 76 21 240 XOR
2 1 234 240 346 XOR
2 1 235 239 241 AND
1 1 241 242 INV
2 1 237 242 243 AND
1 1 243 244 INV
2 1 54 22 245 AND
1 1 245 246 INV
2 1 54 22 247 XOR
2 1 244 247 248 AND
1 1 248 249 INV
2 1 244 247 347 XOR
2 1 246 249 250 AND
1 1 250 251 INV
2 1 55 23 252 AND
1 1 252 253 INV
2 1 78 79 254 AND
1 1 254 255 INV
2 1 78 23 256 XOR
2 1 250 256 348 XOR
2 1 251 255 257 AND
1 1 257 258 INV
2 1 253 258 259 AND
1 1 259 260 INV
2 1 56 24 261 AND
1 1 261 262 INV
2 1 56 24 263 XOR
2 1 260 263 264 AND
1 1 264 265 INV
2 1 260 263 349 XOR
2 1 262 265 266 AND
1 1 266 267 INV
2 1 57 25 268 AND
1 1 268 269 INV
2 1 80 81 270 AND
1 1 270 271 INV
2 1 80 25 272 XOR
2 1 266 272 350 XOR
2 1 267 271 273 AND
1 1 273 274 INV
2 1 269 274 275 AND
1 1 275 276 INV
2 1 58 26 277 AND
1 1 277 278 INV
2 1 58 26 279 XOR
2 1 276 279 280 AND
1 1 280 281 INV
2 1 276 279 351 XOR
2 1 278 281 282 AND
1 1 282 283 INV
2 1 59 27 284 AND
1 1 284 285 INV
2 1 82 83 286 AND
1 1 286 287 INV
2 1 82 27 288 XOR
2 1 282 288 352 XOR
2 1 283 287 289 AND
1 1 289 290 INV
2 1 285 290 291 AND
1 1 291 292 INV
2 1 60 28 293 AND
1 1 293 294 INV
2 1 60 28 295 XOR
2 1 292 295 296 AND
1 1 296 297 INV
2 1 292 295 353 XOR
2 1 294 297 298 AND
1 1 298 299 INV
2 1 61 29 300 AND
1 1 300 301 INV
2 1 61 29 302 XOR
2 1 299 302 303 AND
1 1 303 304 INV
2 1 299 302 354 XOR
2 1 301 304 305 AND
1 1 305 306 INV
2 1 62 30 307 AND
1 1 307 308 INV
2 1 62 30 309 XOR
2 1 306 309 310 AND
1 1 310 311 INV
2 1 306 309 355 XOR
2 1 308 311 312 AND
1 1 312 313 INV
2 1 63 31 314 AND
1 1 314 315 INV
2 1 63 31 316 XOR
2 1 312 316 317 AND
1 1 317 318 INV
2 1 313 316 356 XOR
2 1 315 318 319 AND
1 1 319 357 INV
2 1 32 0 325 XOR
2 1 117 118 326 XOR
2 1 122 123 327 XOR
2 1 127 128 328 XOR
2 1 132 133 329 XOR
2 1 137 138 330 XOR
2 1 106 142 331 XOR
2 1 323 7 320 XOR
2 1 145 320 332 XOR
2 1 99 150 333 XOR
2 1 64 9 321 XOR
2 1 153 321 334 XOR
2 1 92 158 335 XOR
2 1 66 11 322 XOR
2 1 161 322 336 XOR
2 1 166 167 337 XOR


