469 533
32 32 32 

1 1 32 498 INV
1 1 43 499 INV
1 1 11 500 INV
1 1 45 64 INV
1 1 13 65 INV
1 1 47 66 INV
1 1 15 67 INV
1 1 51 68 INV
1 1 19 69 INV
1 1 53 70 INV
1 1 21 71 INV
1 1 55 72 INV
1 1 23 73 INV
1 1 61 74 INV
1 1 29 75 INV
1 1 63 76 INV
1 1 31 77 INV
2 1 32 0 78 AND
2 1 32 0 79 XOR
2 1 498 0 80 XOR
2 1 63 31 81 AND
1 1 81 82 INV
2 1 76 77 83 AND
1 1 83 84 INV
2 1 62 30 85 AND
1 1 85 86 INV
2 1 62 30 87 XOR
2 1 61 29 88 AND
1 1 88 89 INV
2 1 74 75 90 AND
1 1 90 91 INV
2 1 60 28 92 AND
1 1 92 93 INV
2 1 60 28 94 XOR
2 1 59 27 95 AND
1 1 95 96 INV
2 1 59 27 97 XOR
2 1 58 26 98 AND
1 1 98 99 INV
2 1 58 26 100 XOR
2 1 57 25 101 AND
1 1 101 102 INV
2 1 57 25 103 XOR
2 1 56 24 104 AND
1 1 104 105 INV
2 1 56 24 106 XOR
2 1 55 23 107 AND
1 1 107 108 INV
2 1 72 73 109 AND
1 1 109 110 INV
2 1 54 22 111 AND
1 1 111 112 INV
2 1 54 22 113 XOR
2 1 53 21 114 AND
1 1 114 115 INV
2 1 70 71 116 AND
1 1 116 117 INV
2 1 52 20 118 AND
1 1 118 119 INV
2 1 52 20 120 XOR
2 1 51 19 121 AND
1 1 121 122 INV
2 1 68 69 123 AND
1 1 123 124 INV
2 1 50 18 125 AND
1 1 125 126 INV
2 1 50 18 127 XOR
2 1 49 17 128 AND
1 1 128 129 INV
2 1 48 16 130 AND
1 1 130 131 INV
2 1 47 15 132 AND
1 1 132 133 INV
2 1 66 67 134 AND
1 1 134 135 INV
2 1 46 14 136 AND
1 1 136 137 INV
2 1 46 14 138 XOR
2 1 45 13 139 AND
1 1 139 140 INV
2 1 64 65 141 AND
1 1 141 142 INV
2 1 44 12 143 AND
1 1 143 144 INV
2 1 44 12 145 XOR
2 1 43 11 146 AND
1 1 146 147 INV
2 1 499 500 148 AND
1 1 148 149 INV
2 1 42 10 150 AND
1 1 150 151 INV
2 1 42 10 152 XOR
2 1 41 9 153 AND
1 1 153 154 INV
2 1 40 8 155 AND
1 1 155 156 INV
2 1 39 7 157 AND
1 1 157 158 INV
2 1 38 6 159 AND
1 1 159 160 INV
2 1 37 5 161 AND
1 1 161 162 INV
2 1 36 4 163 AND
1 1 163 164 INV
2 1 35 3 165 AND
1 1 165 166 INV
2 1 34 2 167 AND
1 1 167 168 INV
2 1 33 1 169 AND
1 1 169 170 INV
2 1 33 1 171 XOR
2 1 78 171 172 AND
1 1 172 173 INV
2 1 170 173 174 AND
1 1 174 175 INV
2 1 34 2 176 XOR
2 1 175 176 177 AND
1 1 177 178 INV
2 1 168 178 179 AND
1 1 179 180 INV
2 1 35 3 181 XOR
2 1 180 181 182 AND
1 1 182 183 INV
2 1 166 183 184 AND
1 1 184 185 INV
2 1 36 4 186 XOR
2 1 185 186 187 AND
1 1 187 188 INV
2 1 164 188 189 AND
1 1 189 190 INV
2 1 37 5 191 XOR
2 1 190 191 192 AND
1 1 192 193 INV
2 1 162 193 194 AND
1 1 194 195 INV
2 1 38 6 196 XOR
2 1 195 196 197 AND
1 1 197 198 INV
2 1 160 198 199 AND
1 1 199 200 INV
2 1 39 7 201 XOR
2 1 200 201 202 AND
1 1 202 203 INV
2 1 158 203 204 AND
1 1 204 205 INV
2 1 40 8 206 XOR
2 1 205 206 207 AND
1 1 207 208 INV
2 1 156 208 209 AND
1 1 209 210 INV
2 1 41 9 211 XOR
2 1 210 211 212 AND
1 1 212 213 INV
2 1 154 213 214 AND
1 1 214 215 INV
2 1 152 215 216 AND
1 1 216 217 INV
2 1 151 217 218 AND
1 1 218 219 INV
2 1 149 219 220 AND
1 1 220 221 INV
2 1 147 221 222 AND
1 1 222 223 INV
2 1 145 223 224 AND
1 1 224 225 INV
2 1 144 225 226 AND
1 1 226 227 INV
2 1 142 227 228 AND
1 1 228 229 INV
2 1 140 229 230 AND
1 1 230 231 INV
2 1 138 231 232 AND
1 1 232 233 INV
2 1 137 233 234 AND
1 1 234 235 INV
2 1 135 235 236 AND
1 1 236 237 INV
2 1 133 237 238 AND
1 1 238 239 INV
2 1 48 16 240 XOR
2 1 239 240 241 AND
1 1 241 242 INV
2 1 131 242 243 AND
1 1 243 244 INV
2 1 49 17 245 XOR
2 1 244 245 246 AND
1 1 246 247 INV
2 1 129 247 248 AND
1 1 248 249 INV
2 1 127 249 250 AND
1 1 250 251 INV
2 1 126 251 252 AND
1 1 252 253 INV
2 1 124 253 254 AND
1 1 254 255 INV
2 1 122 255 256 AND
1 1 256 257 INV
2 1 120 257 258 AND
1 1 258 259 INV
2 1 119 259 260 AND
1 1 260 261 INV
2 1 117 261 262 AND
1 1 262 263 INV
2 1 115 263 264 AND
1 1 264 265 INV
2 1 113 265 266 AND
1 1 266 267 INV
2 1 112 267 268 AND
1 1 268 269 INV
2 1 110 269 270 AND
1 1 270 271 INV
2 1 108 271 272 AND
1 1 272 273 INV
2 1 106 273 274 AND
1 1 274 275 INV
2 1 105 275 276 AND
1 1 276 277 INV
2 1 103 277 278 AND
1 1 278 279 INV
2 1 102 279 280 AND
1 1 280 281 INV
2 1 100 281 282 AND
1 1 282 283 INV
2 1 99 283 284 AND
1 1 284 285 INV
2 1 97 285 286 AND
1 1 286 287 INV
2 1 96 287 288 AND
1 1 288 289 INV
2 1 94 289 290 AND
1 1 290 291 INV
2 1 93 291 292 AND
1 1 292 293 INV
2 1 91 293 294 AND
1 1 294 295 INV
2 1 89 295 296 AND
1 1 296 297 INV
2 1 87 297 298 AND
1 1 298 299 INV
2 1 86 299 300 AND
1 1 300 301 INV
2 1 84 301 302 AND
1 1 302 303 INV
2 1 82 303 304 AND
1 1 304 305 INV
2 1 76 31 306 XOR
2 1 300 306 307 XOR
2 1 87 297 308 XOR
2 1 94 289 309 XOR
2 1 74 29 310 XOR
2 1 292 310 311 XOR
2 1 309 311 312 AND
2 1 97 285 313 XOR
2 1 100 281 314 XOR
2 1 106 273 315 XOR
2 1 103 277 316 XOR
2 1 315 316 317 AND
2 1 72 23 318 XOR
2 1 268 318 319 XOR
2 1 113 265 320 XOR
2 1 120 257 321 XOR
2 1 70 21 322 XOR
2 1 260 322 323 XOR
2 1 321 323 324 AND
2 1 320 324 325 AND
2 1 319 325 326 AND
2 1 127 249 327 XOR
2 1 68 19 328 XOR
2 1 252 328 329 XOR
2 1 327 329 330 AND
2 1 244 245 331 XOR
2 1 239 240 332 XOR
2 1 66 15 333 XOR
2 1 234 333 334 XOR
2 1 138 231 335 XOR
2 1 145 223 336 XOR
2 1 64 13 337 XOR
2 1 226 337 338 XOR
2 1 336 338 339 AND
2 1 152 215 340 XOR
2 1 499 11 341 XOR
2 1 218 341 342 XOR
2 1 340 342 343 AND
2 1 210 211 344 XOR
2 1 205 206 345 XOR
2 1 200 201 346 XOR
2 1 195 196 347 XOR
2 1 190 191 348 XOR
2 1 185 186 349 XOR
2 1 180 181 350 XOR
2 1 175 176 351 XOR
2 1 78 171 352 XOR
2 1 80 352 353 AND
2 1 351 353 354 AND
2 1 350 354 355 AND
2 1 349 355 356 AND
2 1 348 356 357 AND
2 1 347 357 358 AND
2 1 346 358 359 AND
2 1 345 359 360 AND
2 1 344 360 361 AND
2 1 343 361 362 AND
2 1 339 362 363 AND
2 1 335 363 364 AND
2 1 334 364 365 AND
2 1 332 365 366 AND
2 1 331 366 367 AND
2 1 330 367 368 AND
2 1 326 368 369 AND
2 1 317 369 370 AND
2 1 314 370 371 AND
2 1 313 371 372 AND
2 1 312 372 373 AND
2 1 308 373 374 AND
2 1 305 374 375 AND
2 1 307 375 376 AND
1 1 376 377 INV
2 1 305 377 378 AND
1 1 378 379 INV
2 1 307 377 380 AND
1 1 380 381 INV
2 1 308 377 382 AND
1 1 382 383 INV
2 1 313 377 384 AND
1 1 384 385 INV
2 1 314 377 386 AND
1 1 386 387 INV
2 1 326 377 388 AND
2 1 334 377 389 AND
2 1 332 377 390 AND
2 1 335 377 391 AND
2 1 389 391 392 AND
2 1 390 392 393 AND
2 1 344 377 394 AND
2 1 349 377 395 AND
2 1 350 377 396 AND
2 1 79 396 397 AND
2 1 352 377 398 AND
2 1 351 377 399 AND
2 1 398 399 400 AND
2 1 397 400 401 AND
2 1 395 401 402 AND
2 1 345 377 403 AND
2 1 346 377 404 AND
2 1 403 404 405 AND
2 1 347 377 406 AND
2 1 348 377 407 AND
2 1 406 407 408 AND
2 1 405 408 409 AND
2 1 402 409 410 AND
2 1 394 410 411 AND
2 1 343 411 412 AND
2 1 339 412 413 AND
2 1 393 413 414 AND
2 1 331 377 415 AND
2 1 330 415 416 AND
2 1 414 416 417 AND
2 1 388 417 418 AND
2 1 317 418 419 AND
2 1 386 419 420 AND
2 1 384 420 421 AND
2 1 312 421 422 AND
2 1 382 422 423 AND
2 1 380 423 424 AND
1 1 424 425 INV
2 1 402 408 426 AND
2 1 405 426 427 AND
2 1 394 427 428 AND
2 1 343 428 429 AND
2 1 339 429 430 AND
2 1 393 430 431 AND
2 1 415 431 432 AND
2 1 330 432 433 AND
2 1 388 433 434 AND
2 1 317 434 435 AND
2 1 386 435 436 AND
2 1 384 436 437 AND
2 1 379 425 438 AND
1 1 438 439 INV
2 1 79 439 440 AND
2 1 80 438 501 XOR
2 1 398 440 441 AND
2 1 398 440 502 XOR
2 1 399 441 442 AND
2 1 399 441 503 XOR
2 1 401 439 443 AND
2 1 396 442 504 XOR
2 1 395 443 505 XOR
2 1 402 439 444 AND
2 1 407 444 445 AND
2 1 407 444 506 XOR
2 1 406 445 446 AND
2 1 406 445 507 XOR
2 1 404 446 447 AND
2 1 404 446 508 XOR
2 1 427 439 448 AND
2 1 403 447 509 XOR
2 1 394 448 510 XOR
2 1 340 377 449 AND
2 1 428 439 450 AND
2 1 449 450 451 AND
2 1 449 450 511 XOR
2 1 342 377 452 AND
2 1 412 439 453 AND
2 1 451 452 512 XOR
2 1 336 377 454 AND
2 1 453 454 455 AND
2 1 453 454 513 XOR
2 1 338 377 456 AND
2 1 455 456 514 XOR
2 1 430 439 457 AND
2 1 391 457 458 AND
2 1 391 457 515 XOR
2 1 389 458 459 AND
2 1 389 458 516 XOR
2 1 390 459 517 XOR
2 1 431 439 460 AND
2 1 415 460 461 AND
2 1 415 460 518 XOR
2 1 327 377 462 AND
2 1 461 462 463 AND
2 1 461 462 519 XOR
2 1 329 377 464 AND
2 1 463 464 520 XOR
2 1 321 377 465 AND
2 1 433 439 466 AND
2 1 465 466 467 AND
2 1 465 466 521 XOR
2 1 323 377 468 AND
2 1 467 468 522 XOR
2 1 320 377 469 AND
2 1 323 467 470 AND
2 1 469 470 471 AND
2 1 469 470 523 XOR
2 1 319 377 472 AND
2 1 471 472 524 XOR
2 1 315 377 473 AND
2 1 434 439 474 AND
2 1 473 474 475 AND
2 1 473 474 525 XOR
2 1 316 377 476 AND
2 1 419 439 477 AND
1 1 477 478 INV
2 1 475 476 526 XOR
2 1 387 478 479 AND
1 1 479 480 INV
2 1 436 439 481 AND
1 1 481 482 INV
2 1 480 482 527 AND
2 1 385 482 483 AND
1 1 483 484 INV
2 1 437 439 485 AND
1 1 485 486 INV
2 1 484 486 528 AND
2 1 309 377 487 AND
2 1 485 487 488 AND
2 1 485 487 529 XOR
2 1 311 377 489 AND
2 1 422 439 490 AND
1 1 490 491 INV
2 1 488 489 530 XOR
2 1 383 491 492 AND
1 1 492 493 INV
2 1 423 439 494 AND
1 1 494 495 INV
2 1 493 495 531 AND
2 1 381 495 496 AND
1 1 496 497 INV
2 1 425 497 532 AND


