302 366
32 32 33 

1 1 39 331 INV
1 1 7 332 INV
1 1 41 64 INV
1 1 9 65 INV
1 1 43 66 INV
1 1 11 67 INV
1 1 45 68 INV
1 1 13 69 INV
1 1 47 70 INV
1 1 15 71 INV
1 1 49 72 INV
1 1 17 73 INV
1 1 51 74 INV
1 1 19 75 INV
1 1 53 76 INV
1 1 21 77 INV
1 1 55 78 INV
1 1 23 79 INV
1 1 57 80 INV
1 1 25 81 INV
1 1 59 82 INV
1 1 27 83 INV
1 1 61 84 INV
1 1 29 85 INV
1 1 63 86 INV
1 1 31 87 INV
2 1 44 12 88 AND
1 1 88 89 INV
2 1 43 11 90 AND
1 1 90 91 INV
2 1 66 67 92 AND
1 1 92 93 INV
2 1 42 10 94 AND
1 1 94 95 INV
2 1 42 10 96 XOR
2 1 41 9 97 AND
1 1 97 98 INV
2 1 64 65 99 AND
1 1 99 100 INV
2 1 40 8 101 AND
1 1 101 102 INV
2 1 40 8 103 XOR
2 1 39 7 104 AND
1 1 104 105 INV
2 1 331 332 106 AND
1 1 106 107 INV
2 1 38 6 108 AND
1 1 108 109 INV
2 1 38 6 110 XOR
2 1 37 5 111 AND
1 1 111 112 INV
2 1 36 4 113 AND
1 1 113 114 INV
2 1 35 3 115 AND
1 1 115 116 INV
2 1 34 2 117 AND
1 1 117 118 INV
2 1 33 1 119 AND
1 1 119 120 INV
2 1 32 0 121 AND
2 1 33 1 122 XOR
2 1 121 122 123 AND
1 1 123 124 INV
2 1 120 124 125 AND
1 1 125 126 INV
2 1 34 2 127 XOR
2 1 126 127 128 AND
1 1 128 129 INV
2 1 118 129 130 AND
1 1 130 131 INV
2 1 35 3 132 XOR
2 1 131 132 133 AND
1 1 133 134 INV
2 1 116 134 135 AND
1 1 135 136 INV
2 1 36 4 137 XOR
2 1 136 137 138 AND
1 1 138 139 INV
2 1 114 139 140 AND
1 1 140 141 INV
2 1 37 5 142 XOR
2 1 141 142 143 AND
1 1 143 144 INV
2 1 112 144 145 AND
1 1 145 146 INV
2 1 110 146 147 AND
1 1 147 148 INV
2 1 109 148 149 AND
1 1 149 150 INV
2 1 107 150 151 AND
1 1 151 152 INV
2 1 105 152 153 AND
1 1 153 154 INV
2 1 103 154 155 AND
1 1 155 156 INV
2 1 102 156 157 AND
1 1 157 158 INV
2 1 100 158 159 AND
1 1 159 160 INV
2 1 98 160 161 AND
1 1 161 162 INV
2 1 96 162 163 AND
1 1 163 164 INV
2 1 95 164 165 AND
1 1 165 166 INV
2 1 93 166 167 AND
1 1 167 168 INV
2 1 91 168 169 AND
1 1 169 170 INV
2 1 44 12 171 XOR
2 1 170 171 172 AND
1 1 172 173 INV
2 1 89 173 174 AND
1 1 174 175 INV
2 1 45 13 176 AND
1 1 176 177 INV
2 1 68 69 178 AND
1 1 178 179 INV
2 1 68 13 180 XOR
2 1 174 180 346 XOR
2 1 175 179 181 AND
1 1 181 182 INV
2 1 177 182 183 AND
1 1 183 184 INV
2 1 46 14 185 AND
1 1 185 186 INV
2 1 46 14 187 XOR
2 1 184 187 188 AND
1 1 188 189 INV
2 1 184 187 347 XOR
2 1 186 189 190 AND
1 1 190 191 INV
2 1 47 15 192 AND
1 1 192 193 INV
2 1 70 71 194 AND
1 1 194 195 INV
2 1 70 15 196 XOR
2 1 190 196 348 XOR
2 1 191 195 197 AND
1 1 197 198 INV
2 1 193 198 199 AND
1 1 199 200 INV
2 1 48 16 201 AND
1 1 201 202 INV
2 1 48 16 203 XOR
2 1 200 203 204 AND
1 1 204 205 INV
2 1 200 203 349 XOR
2 1 202 205 206 AND
1 1 206 207 INV
2 1 49 17 208 AND
1 1 208 209 INV
2 1 72 73 210 AND
1 1 210 211 INV
2 1 72 17 212 XOR
2 1 206 212 350 XOR
2 1 207 211 213 AND
1 1 213 214 INV
2 1 209 214 215 AND
1 1 215 216 INV
2 1 50 18 217 AND
1 1 217 218 INV
2 1 50 18 219 XOR
2 1 216 219 220 AND
1 1 220 221 INV
2 1 216 219 351 XOR
2 1 218 221 222 AND
1 1 222 223 INV
2 1 51 19 224 AND
1 1 224 225 INV
2 1 74 75 226 AND
1 1 226 227 INV
2 1 74 19 228 XOR
2 1 222 228 352 XOR
2 1 223 227 229 AND
1 1 229 230 INV
2 1 225 230 231 AND
1 1 231 232 INV
2 1 52 20 233 AND
1 1 233 234 INV
2 1 52 20 235 XOR
2 1 232 235 236 AND
1 1 236 237 INV
2 1 232 235 353 XOR
2 1 234 237 238 AND
1 1 238 239 INV
2 1 53 21 240 AND
1 1 240 241 INV
2 1 76 77 242 AND
1 1 242 243 INV
2 1 76 21 244 XOR
2 1 238 244 354 XOR
2 1 239 243 245 AND
1 1 245 246 INV
2 1 241 246 247 AND
1 1 247 248 INV
2 1 54 22 249 AND
1 1 249 250 INV
2 1 54 22 251 XOR
2 1 248 251 252 AND
1 1 252 253 INV
2 1 248 251 355 XOR
2 1 250 253 254 AND
1 1 254 255 INV
2 1 55 23 256 AND
1 1 256 257 INV
2 1 78 79 258 AND
1 1 258 259 INV
2 1 78 23 260 XOR
2 1 254 260 356 XOR
2 1 255 259 261 AND
1 1 261 262 INV
2 1 257 262 263 AND
1 1 263 264 INV
2 1 56 24 265 AND
1 1 265 266 INV
2 1 56 24 267 XOR
2 1 264 267 268 AND
1 1 268 269 INV
2 1 264 267 357 XOR
2 1 266 269 270 AND
1 1 270 271 INV
2 1 57 25 272 AND
1 1 272 273 INV
2 1 80 81 274 AND
1 1 274 275 INV
2 1 80 25 276 XOR
2 1 270 276 358 XOR
2 1 271 275 277 AND
1 1 277 278 INV
2 1 273 278 279 AND
1 1 279 280 INV
2 1 58 26 281 AND
1 1 281 282 INV
2 1 58 26 283 XOR
2 1 280 283 284 AND
1 1 284 285 INV
2 1 280 283 359 XOR
2 1 282 285 286 AND
1 1 286 287 INV
2 1 59 27 288 AND
1 1 288 289 INV
2 1 82 83 290 AND
1 1 290 291 INV
2 1 82 27 292 XOR
2 1 286 292 360 XOR
2 1 287 291 293 AND
1 1 293 294 INV
2 1 289 294 295 AND
1 1 295 296 INV
2 1 60 28 297 AND
1 1 297 298 INV
2 1 60 28 299 XOR
2 1 296 299 300 AND
1 1 300 301 INV
2 1 296 299 361 XOR
2 1 298 301 302 AND
1 1 302 303 INV
2 1 61 29 304 AND
1 1 304 305 INV
2 1 84 85 306 AND
1 1 306 307 INV
2 1 84 29 308 XOR
2 1 302 308 362 XOR
2 1 303 307 309 AND
1 1 309 310 INV
2 1 305 310 311 AND
1 1 311 312 INV
2 1 62 30 313 AND
1 1 313 314 INV
2 1 62 30 315 XOR
2 1 312 315 316 AND
1 1 316 317 INV
2 1 312 315 363 XOR
2 1 314 317 318 AND
1 1 318 319 INV
2 1 63 31 320 AND
1 1 320 321 INV
2 1 86 87 322 AND
1 1 322 323 INV
2 1 86 31 324 XOR
2 1 318 324 364 XOR
2 1 32 0 333 XOR
2 1 319 323 325 AND
1 1 325 326 INV
2 1 321 326 327 AND
1 1 327 365 INV
2 1 121 122 334 XOR
2 1 126 127 335 XOR
2 1 131 132 336 XOR
2 1 136 137 337 XOR
2 1 141 142 338 XOR
2 1 110 146 339 XOR
2 1 331 7 328 XOR
2 1 149 328 340 XOR
2 1 103 154 341 XOR
2 1 64 9 329 XOR
2 1 157 329 342 XOR
2 1 96 162 343 XOR
2 1 66 11 330 XOR
2 1 165 330 344 XOR
2 1 170 171 345 XOR


