3877 4389
256 256 256

1 1 361 3902 INV
1 1 105 3903 INV
1 1 363 3904 INV
1 1 107 3905 INV
1 1 369 3906 INV
1 1 113 3907 INV
1 1 371 3908 INV
1 1 115 3909 INV
1 1 387 3910 INV
1 1 131 3911 INV
1 1 389 3912 INV
1 1 133 3913 INV
1 1 391 3914 INV
1 1 135 3915 INV
1 1 393 3916 INV
1 1 137 3917 INV
1 1 395 3918 INV
1 1 139 3919 INV
1 1 397 3920 INV
1 1 141 3921 INV
1 1 399 3922 INV
1 1 143 3923 INV
1 1 401 3924 INV
1 1 145 3925 INV
1 1 403 3926 INV
1 1 147 3927 INV
1 1 405 3928 INV
1 1 149 3929 INV
1 1 407 3930 INV
1 1 151 3931 INV
1 1 409 3932 INV
1 1 153 3933 INV
1 1 411 3934 INV
1 1 155 3935 INV
1 1 417 3936 INV
1 1 161 3937 INV
1 1 419 3938 INV
1 1 163 3939 INV
1 1 421 3940 INV
1 1 165 3941 INV
1 1 423 3942 INV
1 1 167 3943 INV
1 1 427 3944 INV
1 1 171 3945 INV
1 1 433 3946 INV
1 1 177 3947 INV
1 1 435 3948 INV
1 1 179 3949 INV
1 1 449 3950 INV
1 1 193 3951 INV
1 1 451 3952 INV
1 1 195 3953 INV
1 1 263 3954 INV
1 1 7 3955 INV
1 1 267 3956 INV
1 1 11 3957 INV
1 1 269 3958 INV
1 1 13 3959 INV
1 1 271 3960 INV
1 1 15 3961 INV
1 1 273 3962 INV
1 1 17 3963 INV
1 1 275 3964 INV
1 1 19 3965 INV
1 1 277 3966 INV
1 1 21 3967 INV
1 1 279 3968 INV
1 1 23 3969 INV
1 1 283 3970 INV
1 1 27 3971 INV
1 1 285 3972 INV
1 1 29 3973 INV
1 1 287 3974 INV
1 1 31 3975 INV
1 1 291 3976 INV
1 1 35 3977 INV
1 1 293 3978 INV
1 1 37 3979 INV
1 1 295 3980 INV
1 1 39 3981 INV
1 1 299 3982 INV
1 1 43 3983 INV
1 1 301 3984 INV
1 1 45 3985 INV
1 1 303 3986 INV
1 1 47 3987 INV
1 1 307 3988 INV
1 1 51 3989 INV
1 1 309 3990 INV
1 1 53 3991 INV
1 1 311 3992 INV
1 1 55 3993 INV
1 1 313 3994 INV
1 1 57 3995 INV
1 1 315 3996 INV
1 1 59 3997 INV
1 1 323 3998 INV
1 1 67 3999 INV
1 1 325 4000 INV
1 1 69 4001 INV
1 1 327 4002 INV
1 1 71 4003 INV
1 1 329 4004 INV
1 1 73 4005 INV
1 1 331 4006 INV
1 1 75 4007 INV
1 1 333 4008 INV
1 1 77 4009 INV
1 1 335 4010 INV
1 1 79 4011 INV
1 1 339 4012 INV
1 1 83 4013 INV
1 1 341 4014 INV
1 1 85 4015 INV
1 1 343 4016 INV
1 1 87 4017 INV
1 1 347 4018 INV
1 1 91 4019 INV
1 1 353 4020 INV
1 1 97 4021 INV
1 1 355 4022 INV
1 1 99 4023 INV
1 1 357 4024 INV
1 1 101 4025 INV
1 1 359 4026 INV
1 1 103 4027 INV
2 1 257 1 4028 AND
1 1 4028 4029 INV
2 1 256 0 4030 AND
2 1 257 1 4031 XOR
2 1 4030 4031 4032 AND
1 1 4032 4033 INV
2 1 4029 4033 4034 AND
1 1 4034 4035 INV
2 1 258 2 4036 AND
1 1 4036 4037 INV
2 1 258 2 4038 XOR
2 1 4035 4038 4039 AND
1 1 4039 4040 INV
2 1 4034 4038 4041 XOR
1 1 4041 4042 INV
2 1 4030 4031 4043 XOR
2 1 256 0 4044 XOR
2 1 4043 4044 4045 AND
1 1 4045 4046 INV
2 1 511 255 4047 AND
1 1 4047 4048 INV
2 1 511 255 4049 XOR
1 1 4049 4050 INV
2 1 510 254 4051 AND
1 1 4051 4052 INV
2 1 510 254 4053 XOR
2 1 4049 4053 4054 AND
2 1 509 253 4055 AND
1 1 4055 4056 INV
2 1 509 253 4057 XOR
1 1 4057 4058 INV
2 1 508 252 4059 AND
1 1 4059 4060 INV
2 1 4057 4059 4061 AND
1 1 4061 4062 INV
2 1 4056 4062 4063 AND
1 1 4063 4064 INV
2 1 4054 4064 4065 AND
1 1 4065 4066 INV
2 1 4049 4051 4067 AND
1 1 4067 4068 INV
2 1 4048 4068 4069 AND
2 1 4066 4069 4070 AND
2 1 508 252 4071 XOR
2 1 4057 4071 4072 AND
2 1 4054 4072 4073 AND
2 1 506 250 4074 AND
1 1 4074 4075 INV
2 1 506 250 4076 XOR
2 1 507 251 4077 AND
1 1 4077 4078 INV
2 1 507 251 4079 XOR
1 1 4079 4080 INV
2 1 4076 4079 4081 AND
2 1 505 249 4082 AND
1 1 4082 4083 INV
2 1 505 249 4084 XOR
1 1 4084 4085 INV
2 1 504 248 4086 AND
1 1 4086 4087 INV
2 1 4084 4086 4088 AND
1 1 4088 4089 INV
2 1 4083 4089 4090 AND
1 1 4090 4091 INV
2 1 4081 4091 4092 AND
1 1 4092 4093 INV
2 1 4074 4079 4094 AND
1 1 4094 4095 INV
2 1 4078 4095 4096 AND
2 1 4093 4096 4097 AND
2 1 504 248 4098 XOR
2 1 4084 4098 4099 AND
2 1 4081 4099 4100 AND
2 1 503 247 4101 AND
1 1 4101 4102 INV
2 1 503 247 4103 XOR
1 1 4103 4104 INV
2 1 502 246 4105 AND
1 1 4105 4106 INV
2 1 502 246 4107 XOR
2 1 4103 4107 4108 AND
2 1 501 245 4109 AND
1 1 4109 4110 INV
2 1 501 245 4111 XOR
1 1 4111 4112 INV
2 1 500 244 4113 AND
1 1 4113 4114 INV
2 1 500 244 4115 XOR
2 1 4111 4115 4116 AND
2 1 4108 4116 4117 AND
2 1 499 243 4118 AND
1 1 4118 4119 INV
2 1 499 243 4120 XOR
1 1 4120 4121 INV
2 1 498 242 4122 AND
1 1 4122 4123 INV
2 1 498 242 4124 XOR
2 1 4120 4124 4125 AND
2 1 497 241 4126 AND
1 1 4126 4127 INV
2 1 497 241 4128 XOR
1 1 4128 4129 INV
2 1 496 240 4130 AND
1 1 4130 4131 INV
2 1 4128 4130 4132 AND
1 1 4132 512 INV
2 1 4127 512 513 AND
1 1 513 514 INV
2 1 4125 514 515 AND
1 1 515 516 INV
2 1 4120 4122 517 AND
1 1 517 518 INV
2 1 4119 518 519 AND
2 1 516 519 520 AND
1 1 520 521 INV
2 1 4117 521 522 AND
1 1 522 523 INV
2 1 4111 4113 524 AND
1 1 524 525 INV
2 1 4110 525 526 AND
1 1 526 527 INV
2 1 4108 527 528 AND
1 1 528 529 INV
2 1 4103 4105 530 AND
1 1 530 531 INV
2 1 4102 531 532 AND
2 1 529 532 533 AND
2 1 523 533 534 AND
2 1 495 239 535 AND
1 1 535 536 INV
2 1 495 239 537 XOR
1 1 537 538 INV
2 1 494 238 539 AND
1 1 539 540 INV
2 1 494 238 541 XOR
2 1 537 541 542 AND
2 1 493 237 543 AND
1 1 543 544 INV
2 1 493 237 545 XOR
1 1 545 546 INV
2 1 492 236 547 AND
1 1 547 548 INV
2 1 492 236 549 XOR
2 1 545 549 550 AND
2 1 542 550 551 AND
2 1 491 235 552 AND
1 1 552 553 INV
2 1 491 235 554 XOR
1 1 554 555 INV
2 1 490 234 556 AND
1 1 556 557 INV
2 1 490 234 558 XOR
2 1 554 558 559 AND
2 1 489 233 560 AND
1 1 560 561 INV
2 1 489 233 562 XOR
1 1 562 563 INV
2 1 488 232 564 AND
1 1 564 565 INV
2 1 488 232 566 XOR
2 1 562 566 567 AND
2 1 559 567 568 AND
2 1 551 568 569 AND
2 1 487 231 570 AND
1 1 570 571 INV
2 1 487 231 572 XOR
1 1 572 573 INV
2 1 486 230 574 AND
1 1 574 575 INV
2 1 486 230 576 XOR
2 1 572 576 577 AND
2 1 485 229 578 AND
1 1 578 579 INV
2 1 485 229 580 XOR
1 1 580 581 INV
2 1 484 228 582 AND
1 1 582 583 INV
2 1 484 228 584 XOR
2 1 580 584 585 AND
2 1 577 585 586 AND
2 1 479 223 587 AND
1 1 587 588 INV
2 1 479 223 589 XOR
1 1 589 590 INV
2 1 478 222 591 AND
1 1 591 592 INV
2 1 478 222 593 XOR
2 1 589 593 594 AND
2 1 477 221 595 AND
1 1 595 596 INV
2 1 477 221 597 XOR
1 1 597 598 INV
2 1 476 220 599 AND
1 1 599 600 INV
2 1 476 220 601 XOR
2 1 597 601 602 AND
2 1 594 602 603 AND
2 1 475 219 604 AND
1 1 604 605 INV
2 1 475 219 606 XOR
1 1 606 607 INV
2 1 474 218 608 AND
1 1 608 609 INV
2 1 474 218 610 XOR
2 1 606 610 611 AND
2 1 473 217 612 AND
1 1 612 613 INV
2 1 473 217 614 XOR
1 1 614 615 INV
2 1 472 216 616 AND
1 1 616 617 INV
2 1 472 216 618 XOR
2 1 614 618 619 AND
2 1 611 619 620 AND
2 1 603 620 621 AND
2 1 471 215 622 AND
1 1 622 623 INV
2 1 471 215 624 XOR
1 1 624 625 INV
2 1 470 214 626 AND
1 1 626 627 INV
2 1 470 214 628 XOR
2 1 624 628 629 AND
2 1 469 213 630 AND
1 1 630 631 INV
2 1 469 213 632 XOR
1 1 632 633 INV
2 1 468 212 634 AND
1 1 634 635 INV
2 1 468 212 636 XOR
2 1 632 636 637 AND
2 1 629 637 638 AND
2 1 467 211 639 AND
1 1 639 640 INV
2 1 467 211 641 XOR
1 1 641 642 INV
2 1 466 210 643 AND
1 1 643 644 INV
2 1 466 210 645 XOR
2 1 641 645 646 AND
2 1 463 207 647 AND
1 1 647 648 INV
2 1 463 207 649 XOR
1 1 649 650 INV
2 1 462 206 651 AND
1 1 651 652 INV
2 1 462 206 653 XOR
2 1 649 653 654 AND
2 1 461 205 655 AND
1 1 655 656 INV
2 1 461 205 657 XOR
1 1 657 658 INV
2 1 460 204 659 AND
1 1 659 660 INV
2 1 460 204 661 XOR
2 1 657 661 662 AND
2 1 654 662 663 AND
2 1 459 203 664 AND
1 1 664 665 INV
2 1 459 203 666 XOR
1 1 666 667 INV
2 1 458 202 668 AND
1 1 668 669 INV
2 1 458 202 670 XOR
2 1 666 670 671 AND
2 1 457 201 672 AND
1 1 672 673 INV
2 1 457 201 674 XOR
1 1 674 675 INV
2 1 456 200 676 AND
1 1 676 677 INV
2 1 456 200 678 XOR
2 1 455 199 679 AND
1 1 679 680 INV
2 1 455 199 681 XOR
1 1 681 682 INV
2 1 454 198 683 AND
1 1 683 684 INV
2 1 454 198 685 XOR
2 1 681 685 686 AND
2 1 453 197 687 AND
1 1 687 688 INV
2 1 453 197 689 XOR
1 1 689 690 INV
2 1 452 196 691 AND
1 1 691 692 INV
2 1 452 196 693 XOR
2 1 451 195 694 AND
1 1 694 695 INV
2 1 3952 3953 696 AND
1 1 696 697 INV
2 1 450 194 698 AND
1 1 698 699 INV
2 1 450 194 700 XOR
2 1 449 193 701 AND
1 1 701 702 INV
2 1 3950 3951 703 AND
1 1 703 704 INV
2 1 448 192 705 AND
1 1 705 706 INV
2 1 448 192 707 XOR
2 1 447 191 708 AND
1 1 708 709 INV
2 1 447 191 710 XOR
1 1 710 711 INV
2 1 446 190 712 AND
1 1 712 713 INV
2 1 446 190 714 XOR
2 1 710 714 715 AND
2 1 445 189 716 AND
1 1 716 717 INV
2 1 445 189 718 XOR
1 1 718 719 INV
2 1 444 188 720 AND
1 1 720 721 INV
2 1 444 188 722 XOR
2 1 718 722 723 AND
2 1 715 723 724 AND
2 1 443 187 725 AND
1 1 725 726 INV
2 1 443 187 727 XOR
1 1 727 728 INV
2 1 442 186 729 AND
1 1 729 730 INV
2 1 442 186 731 XOR
2 1 727 731 732 AND
2 1 441 185 733 AND
1 1 733 734 INV
2 1 441 185 735 XOR
1 1 735 736 INV
2 1 440 184 737 AND
1 1 737 738 INV
2 1 440 184 739 XOR
2 1 439 183 740 AND
1 1 740 741 INV
2 1 439 183 742 XOR
1 1 742 743 INV
2 1 438 182 744 AND
1 1 744 745 INV
2 1 438 182 746 XOR
2 1 742 746 747 AND
2 1 437 181 748 AND
1 1 748 749 INV
2 1 437 181 750 XOR
1 1 750 751 INV
2 1 436 180 752 AND
1 1 752 753 INV
2 1 436 180 754 XOR
2 1 435 179 755 AND
1 1 755 756 INV
2 1 3948 3949 757 AND
1 1 757 758 INV
2 1 434 178 759 AND
1 1 759 760 INV
2 1 434 178 761 XOR
2 1 433 177 762 AND
1 1 762 763 INV
2 1 3946 3947 764 AND
1 1 764 765 INV
2 1 432 176 766 AND
1 1 766 767 INV
2 1 432 176 768 XOR
2 1 431 175 769 AND
1 1 769 770 INV
2 1 431 175 771 XOR
1 1 771 772 INV
2 1 430 174 773 AND
1 1 773 774 INV
2 1 430 174 775 XOR
2 1 771 775 776 AND
2 1 429 173 777 AND
1 1 777 778 INV
2 1 429 173 779 XOR
1 1 779 780 INV
2 1 428 172 781 AND
1 1 781 782 INV
2 1 428 172 783 XOR
2 1 427 171 784 AND
1 1 784 785 INV
2 1 3944 3945 786 AND
1 1 786 787 INV
2 1 426 170 788 AND
1 1 788 789 INV
2 1 426 170 790 XOR
2 1 425 169 791 AND
1 1 791 792 INV
2 1 425 169 793 XOR
2 1 424 168 794 AND
1 1 794 795 INV
2 1 424 168 796 XOR
2 1 423 167 797 AND
1 1 797 798 INV
2 1 3942 3943 799 AND
1 1 799 800 INV
2 1 422 166 801 AND
1 1 801 802 INV
2 1 422 166 803 XOR
2 1 421 165 804 AND
1 1 804 805 INV
2 1 3940 3941 806 AND
1 1 806 807 INV
2 1 420 164 808 AND
1 1 808 809 INV
2 1 420 164 810 XOR
2 1 419 163 811 AND
1 1 811 812 INV
2 1 3938 3939 813 AND
1 1 813 814 INV
2 1 418 162 815 AND
1 1 815 816 INV
2 1 418 162 817 XOR
2 1 417 161 818 AND
1 1 818 819 INV
2 1 3936 3937 820 AND
1 1 820 821 INV
2 1 416 160 822 AND
1 1 822 823 INV
2 1 416 160 824 XOR
2 1 415 159 825 AND
1 1 825 826 INV
2 1 415 159 827 XOR
1 1 827 828 INV
2 1 414 158 829 AND
1 1 829 830 INV
2 1 414 158 831 XOR
2 1 827 831 832 AND
2 1 413 157 833 AND
1 1 833 834 INV
2 1 413 157 835 XOR
1 1 835 836 INV
2 1 412 156 837 AND
1 1 837 838 INV
2 1 412 156 839 XOR
2 1 411 155 840 AND
1 1 840 841 INV
2 1 3934 3935 842 AND
1 1 842 843 INV
2 1 410 154 844 AND
1 1 844 845 INV
2 1 410 154 846 XOR
2 1 409 153 847 AND
1 1 847 848 INV
2 1 3932 3933 849 AND
1 1 849 850 INV
2 1 408 152 851 AND
1 1 851 852 INV
2 1 408 152 853 XOR
2 1 407 151 854 AND
1 1 854 855 INV
2 1 3930 3931 856 AND
1 1 856 857 INV
2 1 406 150 858 AND
1 1 858 859 INV
2 1 406 150 860 XOR
2 1 405 149 861 AND
1 1 861 862 INV
2 1 3928 3929 863 AND
1 1 863 864 INV
2 1 404 148 865 AND
1 1 865 866 INV
2 1 404 148 867 XOR
2 1 403 147 868 AND
1 1 868 869 INV
2 1 3926 3927 870 AND
1 1 870 871 INV
2 1 402 146 872 AND
1 1 872 873 INV
2 1 402 146 874 XOR
2 1 401 145 875 AND
1 1 875 876 INV
2 1 3924 3925 877 AND
1 1 877 878 INV
2 1 400 144 879 AND
1 1 879 880 INV
2 1 400 144 881 XOR
2 1 399 143 882 AND
1 1 882 883 INV
2 1 3922 3923 884 AND
1 1 884 885 INV
2 1 398 142 886 AND
1 1 886 887 INV
2 1 398 142 888 XOR
2 1 397 141 889 AND
1 1 889 890 INV
2 1 3920 3921 891 AND
1 1 891 892 INV
2 1 396 140 893 AND
1 1 893 894 INV
2 1 396 140 895 XOR
2 1 395 139 896 AND
1 1 896 897 INV
2 1 3918 3919 898 AND
1 1 898 899 INV
2 1 394 138 900 AND
1 1 900 901 INV
2 1 394 138 902 XOR
2 1 393 137 903 AND
1 1 903 904 INV
2 1 3916 3917 905 AND
1 1 905 906 INV
2 1 392 136 907 AND
1 1 907 908 INV
2 1 392 136 909 XOR
2 1 391 135 910 AND
1 1 910 911 INV
2 1 3914 3915 912 AND
1 1 912 913 INV
2 1 390 134 914 AND
1 1 914 915 INV
2 1 390 134 916 XOR
2 1 389 133 917 AND
1 1 917 918 INV
2 1 3912 3913 919 AND
1 1 919 920 INV
2 1 388 132 921 AND
1 1 921 922 INV
2 1 388 132 923 XOR
2 1 387 131 924 AND
1 1 924 925 INV
2 1 3910 3911 926 AND
1 1 926 927 INV
2 1 386 130 928 AND
1 1 928 929 INV
2 1 386 130 930 XOR
2 1 385 129 931 AND
1 1 931 932 INV
2 1 384 128 933 AND
1 1 933 934 INV
2 1 383 127 935 AND
1 1 935 936 INV
2 1 383 127 937 XOR
1 1 937 938 INV
2 1 382 126 939 AND
1 1 939 940 INV
2 1 382 126 941 XOR
2 1 937 941 942 AND
2 1 381 125 943 AND
1 1 943 944 INV
2 1 381 125 945 XOR
1 1 945 946 INV
2 1 380 124 947 AND
1 1 947 948 INV
2 1 380 124 949 XOR
2 1 945 949 950 AND
2 1 942 950 951 AND
2 1 379 123 952 AND
1 1 952 953 INV
2 1 379 123 954 XOR
1 1 954 955 INV
2 1 378 122 956 AND
1 1 956 957 INV
2 1 378 122 958 XOR
2 1 954 958 959 AND
2 1 377 121 960 AND
1 1 960 961 INV
2 1 377 121 962 XOR
1 1 962 963 INV
2 1 376 120 964 AND
1 1 964 965 INV
2 1 376 120 966 XOR
2 1 375 119 967 AND
1 1 967 968 INV
2 1 375 119 969 XOR
1 1 969 970 INV
2 1 374 118 971 AND
1 1 971 972 INV
2 1 374 118 973 XOR
2 1 969 973 974 AND
2 1 373 117 975 AND
1 1 975 976 INV
2 1 373 117 977 XOR
1 1 977 978 INV
2 1 372 116 979 AND
1 1 979 980 INV
2 1 372 116 981 XOR
2 1 371 115 982 AND
1 1 982 983 INV
2 1 3908 3909 984 AND
1 1 984 985 INV
2 1 370 114 986 AND
1 1 986 987 INV
2 1 370 114 988 XOR
2 1 369 113 989 AND
1 1 989 990 INV
2 1 3906 3907 991 AND
1 1 991 992 INV
2 1 368 112 993 AND
1 1 993 994 INV
2 1 368 112 995 XOR
2 1 367 111 996 AND
1 1 996 997 INV
2 1 367 111 998 XOR
1 1 998 999 INV
2 1 366 110 1000 AND
1 1 1000 1001 INV
2 1 366 110 1002 XOR
2 1 998 1002 1003 AND
2 1 365 109 1004 AND
1 1 1004 1005 INV
2 1 365 109 1006 XOR
1 1 1006 1007 INV
2 1 364 108 1008 AND
1 1 1008 1009 INV
2 1 364 108 1010 XOR
2 1 363 107 1011 AND
1 1 1011 1012 INV
2 1 3904 3905 1013 AND
1 1 1013 1014 INV
2 1 362 106 1015 AND
1 1 1015 1016 INV
2 1 362 106 1017 XOR
2 1 361 105 1018 AND
1 1 1018 1019 INV
2 1 3902 3903 1020 AND
1 1 1020 1021 INV
2 1 360 104 1022 AND
1 1 1022 1023 INV
2 1 360 104 1024 XOR
2 1 359 103 1025 AND
1 1 1025 1026 INV
2 1 4026 4027 1027 AND
1 1 1027 1028 INV
2 1 358 102 1029 AND
1 1 1029 1030 INV
2 1 358 102 1031 XOR
2 1 357 101 1032 AND
1 1 1032 1033 INV
2 1 4024 4025 1034 AND
1 1 1034 1035 INV
2 1 356 100 1036 AND
1 1 1036 1037 INV
2 1 356 100 1038 XOR
2 1 355 99 1039 AND
1 1 1039 1040 INV
2 1 4022 4023 1041 AND
1 1 1041 1042 INV
2 1 354 98 1043 AND
1 1 1043 1044 INV
2 1 354 98 1045 XOR
2 1 353 97 1046 AND
1 1 1046 1047 INV
2 1 4020 4021 1048 AND
1 1 1048 1049 INV
2 1 352 96 1050 AND
1 1 1050 1051 INV
2 1 352 96 1052 XOR
2 1 351 95 1053 AND
1 1 1053 1054 INV
2 1 351 95 1055 XOR
1 1 1055 1056 INV
2 1 350 94 1057 AND
1 1 1057 1058 INV
2 1 350 94 1059 XOR
2 1 1055 1059 1060 AND
2 1 349 93 1061 AND
1 1 1061 1062 INV
2 1 349 93 1063 XOR
1 1 1063 1064 INV
2 1 348 92 1065 AND
1 1 1065 1066 INV
2 1 348 92 1067 XOR
2 1 347 91 1068 AND
1 1 1068 1069 INV
2 1 4018 4019 1070 AND
1 1 1070 1071 INV
2 1 346 90 1072 AND
1 1 1072 1073 INV
2 1 346 90 1074 XOR
2 1 345 89 1075 AND
1 1 1075 1076 INV
2 1 345 89 1077 XOR
2 1 344 88 1078 AND
1 1 1078 1079 INV
2 1 344 88 1080 XOR
2 1 343 87 1081 AND
1 1 1081 1082 INV
2 1 4016 4017 1083 AND
1 1 1083 1084 INV
2 1 342 86 1085 AND
1 1 1085 1086 INV
2 1 342 86 1087 XOR
2 1 341 85 1088 AND
1 1 1088 1089 INV
2 1 4014 4015 1090 AND
1 1 1090 1091 INV
2 1 340 84 1092 AND
1 1 1092 1093 INV
2 1 340 84 1094 XOR
2 1 339 83 1095 AND
1 1 1095 1096 INV
2 1 4012 4013 1097 AND
1 1 1097 1098 INV
2 1 338 82 1099 AND
1 1 1099 1100 INV
2 1 338 82 1101 XOR
2 1 337 81 1102 AND
1 1 1102 1103 INV
2 1 337 81 1104 XOR
2 1 336 80 1105 AND
1 1 1105 1106 INV
2 1 336 80 1107 XOR
2 1 335 79 1108 AND
1 1 1108 1109 INV
2 1 4010 4011 1110 AND
1 1 1110 1111 INV
2 1 334 78 1112 AND
1 1 1112 1113 INV
2 1 334 78 1114 XOR
2 1 333 77 1115 AND
1 1 1115 1116 INV
2 1 4008 4009 1117 AND
1 1 1117 1118 INV
2 1 332 76 1119 AND
1 1 1119 1120 INV
2 1 332 76 1121 XOR
2 1 331 75 1122 AND
1 1 1122 1123 INV
2 1 4006 4007 1124 AND
1 1 1124 1125 INV
2 1 330 74 1126 AND
1 1 1126 1127 INV
2 1 330 74 1128 XOR
2 1 329 73 1129 AND
1 1 1129 1130 INV
2 1 4004 4005 1131 AND
1 1 1131 1132 INV
2 1 328 72 1133 AND
1 1 1133 1134 INV
2 1 328 72 1135 XOR
2 1 327 71 1136 AND
1 1 1136 1137 INV
2 1 4002 4003 1138 AND
1 1 1138 1139 INV
2 1 326 70 1140 AND
1 1 1140 1141 INV
2 1 326 70 1142 XOR
2 1 325 69 1143 AND
1 1 1143 1144 INV
2 1 4000 4001 1145 AND
1 1 1145 1146 INV
2 1 324 68 1147 AND
1 1 1147 1148 INV
2 1 324 68 1149 XOR
2 1 323 67 1150 AND
1 1 1150 1151 INV
2 1 3998 3999 1152 AND
1 1 1152 1153 INV
2 1 322 66 1154 AND
1 1 1154 1155 INV
2 1 322 66 1156 XOR
2 1 321 65 1157 AND
1 1 1157 1158 INV
2 1 320 64 1159 AND
1 1 1159 1160 INV
2 1 319 63 1161 AND
1 1 1161 1162 INV
2 1 319 63 1163 XOR
1 1 1163 1164 INV
2 1 318 62 1165 AND
1 1 1165 1166 INV
2 1 318 62 1167 XOR
2 1 1163 1167 1168 AND
2 1 317 61 1169 AND
1 1 1169 1170 INV
2 1 317 61 1171 XOR
1 1 1171 1172 INV
2 1 316 60 1173 AND
1 1 1173 1174 INV
2 1 316 60 1175 XOR
2 1 315 59 1176 AND
1 1 1176 1177 INV
2 1 3996 3997 1178 AND
1 1 1178 1179 INV
2 1 314 58 1180 AND
1 1 1180 1181 INV
2 1 314 58 1182 XOR
2 1 313 57 1183 AND
1 1 1183 1184 INV
2 1 3994 3995 1185 AND
1 1 1185 1186 INV
2 1 312 56 1187 AND
1 1 1187 1188 INV
2 1 312 56 1189 XOR
2 1 311 55 1190 AND
1 1 1190 1191 INV
2 1 3992 3993 1192 AND
1 1 1192 1193 INV
2 1 310 54 1194 AND
1 1 1194 1195 INV
2 1 310 54 1196 XOR
2 1 309 53 1197 AND
1 1 1197 1198 INV
2 1 3990 3991 1199 AND
1 1 1199 1200 INV
2 1 308 52 1201 AND
1 1 1201 1202 INV
2 1 308 52 1203 XOR
2 1 307 51 1204 AND
1 1 1204 1205 INV
2 1 3988 3989 1206 AND
1 1 1206 1207 INV
2 1 306 50 1208 AND
1 1 1208 1209 INV
2 1 306 50 1210 XOR
2 1 305 49 1211 AND
1 1 1211 1212 INV
2 1 305 49 1213 XOR
2 1 304 48 1214 AND
1 1 1214 1215 INV
2 1 304 48 1216 XOR
2 1 303 47 1217 AND
1 1 1217 1218 INV
2 1 3986 3987 1219 AND
1 1 1219 1220 INV
2 1 302 46 1221 AND
1 1 1221 1222 INV
2 1 302 46 1223 XOR
2 1 301 45 1224 AND
1 1 1224 1225 INV
2 1 3984 3985 1226 AND
1 1 1226 1227 INV
2 1 300 44 1228 AND
1 1 1228 1229 INV
2 1 300 44 1230 XOR
2 1 299 43 1231 AND
1 1 1231 1232 INV
2 1 3982 3983 1233 AND
1 1 1233 1234 INV
2 1 298 42 1235 AND
1 1 1235 1236 INV
2 1 298 42 1237 XOR
2 1 297 41 1238 AND
1 1 1238 1239 INV
2 1 297 41 1240 XOR
2 1 296 40 1241 AND
1 1 1241 1242 INV
2 1 296 40 1243 XOR
2 1 295 39 1244 AND
1 1 1244 1245 INV
2 1 3980 3981 1246 AND
1 1 1246 1247 INV
2 1 294 38 1248 AND
1 1 1248 1249 INV
2 1 294 38 1250 XOR
2 1 293 37 1251 AND
1 1 1251 1252 INV
2 1 3978 3979 1253 AND
1 1 1253 1254 INV
2 1 292 36 1255 AND
1 1 1255 1256 INV
2 1 292 36 1257 XOR
2 1 291 35 1258 AND
1 1 1258 1259 INV
2 1 3976 3977 1260 AND
1 1 1260 1261 INV
2 1 290 34 1262 AND
1 1 1262 1263 INV
2 1 290 34 1264 XOR
2 1 289 33 1265 AND
1 1 1265 1266 INV
2 1 288 32 1267 AND
1 1 1267 1268 INV
2 1 287 31 1269 AND
1 1 1269 1270 INV
2 1 3974 3975 1271 AND
1 1 1271 1272 INV
2 1 286 30 1273 AND
1 1 1273 1274 INV
2 1 286 30 1275 XOR
2 1 285 29 1276 AND
1 1 1276 1277 INV
2 1 3972 3973 1278 AND
1 1 1278 1279 INV
2 1 284 28 1280 AND
1 1 1280 1281 INV
2 1 284 28 1282 XOR
2 1 283 27 1283 AND
1 1 1283 1284 INV
2 1 3970 3971 1285 AND
1 1 1285 1286 INV
2 1 282 26 1287 AND
1 1 1287 1288 INV
2 1 282 26 1289 XOR
2 1 281 25 1290 AND
1 1 1290 1291 INV
2 1 281 25 1292 XOR
2 1 280 24 1293 AND
1 1 1293 1294 INV
2 1 280 24 1295 XOR
2 1 279 23 1296 AND
1 1 1296 1297 INV
2 1 3968 3969 1298 AND
1 1 1298 1299 INV
2 1 278 22 1300 AND
1 1 1300 1301 INV
2 1 278 22 1302 XOR
2 1 277 21 1303 AND
1 1 1303 1304 INV
2 1 3966 3967 1305 AND
1 1 1305 1306 INV
2 1 276 20 1307 AND
1 1 1307 1308 INV
2 1 276 20 1309 XOR
2 1 275 19 1310 AND
1 1 1310 1311 INV
2 1 3964 3965 1312 AND
1 1 1312 1313 INV
2 1 274 18 1314 AND
1 1 1314 1315 INV
2 1 274 18 1316 XOR
2 1 273 17 1317 AND
1 1 1317 1318 INV
2 1 3962 3963 1319 AND
1 1 1319 1320 INV
2 1 272 16 1321 AND
1 1 1321 1322 INV
2 1 271 15 1323 AND
1 1 1323 1324 INV
2 1 3960 3961 1325 AND
1 1 1325 1326 INV
2 1 270 14 1327 AND
1 1 1327 1328 INV
2 1 270 14 1329 XOR
2 1 269 13 1330 AND
1 1 1330 1331 INV
2 1 3958 3959 1332 AND
1 1 1332 1333 INV
2 1 268 12 1334 AND
1 1 1334 1335 INV
2 1 268 12 1336 XOR
2 1 267 11 1337 AND
1 1 1337 1338 INV
2 1 3956 3957 1339 AND
1 1 1339 1340 INV
2 1 266 10 1341 AND
1 1 1341 1342 INV
2 1 266 10 1343 XOR
2 1 265 9 1344 AND
1 1 1344 1345 INV
2 1 264 8 1346 AND
1 1 1346 1347 INV
2 1 263 7 1348 AND
1 1 1348 1349 INV
2 1 3954 3955 1350 AND
1 1 1350 1351 INV
2 1 262 6 1352 AND
1 1 1352 1353 INV
2 1 262 6 1354 XOR
2 1 261 5 1355 AND
1 1 1355 1356 INV
2 1 260 4 1357 AND
1 1 1357 1358 INV
2 1 259 3 1359 AND
1 1 1359 1360 INV
2 1 4037 4040 1361 AND
1 1 1361 1362 INV
2 1 259 3 1363 XOR
2 1 1362 1363 1364 AND
1 1 1364 1365 INV
2 1 1360 1365 1366 AND
1 1 1366 1367 INV
2 1 260 4 1368 XOR
2 1 1367 1368 1369 AND
1 1 1369 1370 INV
2 1 1358 1370 1371 AND
1 1 1371 1372 INV
2 1 261 5 1373 XOR
2 1 1372 1373 1374 AND
1 1 1374 1375 INV
2 1 1356 1375 1376 AND
1 1 1376 1377 INV
2 1 1354 1377 1378 AND
1 1 1378 1379 INV
2 1 1353 1379 1380 AND
1 1 1380 1381 INV
2 1 1351 1381 1382 AND
1 1 1382 1383 INV
2 1 1349 1383 1384 AND
1 1 1384 1385 INV
2 1 264 8 1386 XOR
2 1 1385 1386 1387 AND
1 1 1387 1388 INV
2 1 1347 1388 1389 AND
1 1 1389 1390 INV
2 1 265 9 1391 XOR
2 1 1390 1391 1392 AND
1 1 1392 1393 INV
2 1 1345 1393 1394 AND
1 1 1394 1395 INV
2 1 1343 1395 1396 AND
1 1 1396 1397 INV
2 1 1342 1397 1398 AND
1 1 1398 1399 INV
2 1 1340 1399 1400 AND
1 1 1400 1401 INV
2 1 1338 1401 1402 AND
1 1 1402 1403 INV
2 1 1336 1403 1404 AND
1 1 1404 1405 INV
2 1 1335 1405 1406 AND
1 1 1406 1407 INV
2 1 1333 1407 1408 AND
1 1 1408 1409 INV
2 1 1331 1409 1410 AND
1 1 1410 1411 INV
2 1 1329 1411 1412 AND
1 1 1412 1413 INV
2 1 1328 1413 1414 AND
1 1 1414 1415 INV
2 1 1326 1415 1416 AND
1 1 1416 1417 INV
2 1 1324 1417 1418 AND
1 1 1418 1419 INV
2 1 272 16 1420 XOR
2 1 1419 1420 1421 AND
1 1 1421 1422 INV
2 1 1322 1422 1423 AND
1 1 1423 1424 INV
2 1 1320 1424 1425 AND
1 1 1425 1426 INV
2 1 1318 1426 1427 AND
1 1 1427 1428 INV
2 1 1316 1428 1429 AND
1 1 1429 1430 INV
2 1 1315 1430 1431 AND
1 1 1431 1432 INV
2 1 1313 1432 1433 AND
1 1 1433 1434 INV
2 1 1311 1434 1435 AND
1 1 1435 1436 INV
2 1 1309 1436 1437 AND
1 1 1437 1438 INV
2 1 1308 1438 1439 AND
1 1 1439 1440 INV
2 1 1306 1440 1441 AND
1 1 1441 1442 INV
2 1 1304 1442 1443 AND
1 1 1443 1444 INV
2 1 1302 1444 1445 AND
1 1 1445 1446 INV
2 1 1301 1446 1447 AND
1 1 1447 1448 INV
2 1 1299 1448 1449 AND
1 1 1449 1450 INV
2 1 1297 1450 1451 AND
1 1 1451 1452 INV
2 1 1295 1452 1453 AND
1 1 1453 1454 INV
2 1 1294 1454 1455 AND
1 1 1455 1456 INV
2 1 1292 1456 1457 AND
1 1 1457 1458 INV
2 1 1291 1458 1459 AND
1 1 1459 1460 INV
2 1 1289 1460 1461 AND
1 1 1461 1462 INV
2 1 1288 1462 1463 AND
1 1 1463 1464 INV
2 1 1286 1464 1465 AND
1 1 1465 1466 INV
2 1 1284 1466 1467 AND
1 1 1467 1468 INV
2 1 1282 1468 1469 AND
1 1 1469 1470 INV
2 1 1281 1470 1471 AND
1 1 1471 1472 INV
2 1 1279 1472 1473 AND
1 1 1473 1474 INV
2 1 1277 1474 1475 AND
1 1 1475 1476 INV
2 1 1275 1476 1477 AND
1 1 1477 1478 INV
2 1 1274 1478 1479 AND
1 1 1479 1480 INV
2 1 1272 1480 1481 AND
1 1 1481 1482 INV
2 1 1270 1482 1483 AND
1 1 1483 1484 INV
2 1 288 32 1485 XOR
2 1 1484 1485 1486 AND
1 1 1486 1487 INV
2 1 1268 1487 1488 AND
1 1 1488 1489 INV
2 1 289 33 1490 XOR
2 1 1489 1490 1491 AND
1 1 1491 1492 INV
2 1 1266 1492 1493 AND
1 1 1493 1494 INV
2 1 1264 1494 1495 AND
1 1 1495 1496 INV
2 1 1263 1496 1497 AND
1 1 1497 1498 INV
2 1 1261 1498 1499 AND
1 1 1499 1500 INV
2 1 1259 1500 1501 AND
1 1 1501 1502 INV
2 1 1257 1502 1503 AND
1 1 1503 1504 INV
2 1 1256 1504 1505 AND
1 1 1505 1506 INV
2 1 1254 1506 1507 AND
1 1 1507 1508 INV
2 1 1252 1508 1509 AND
1 1 1509 1510 INV
2 1 1250 1510 1511 AND
1 1 1511 1512 INV
2 1 1249 1512 1513 AND
1 1 1513 1514 INV
2 1 1247 1514 1515 AND
1 1 1515 1516 INV
2 1 1245 1516 1517 AND
1 1 1517 1518 INV
2 1 1243 1518 1519 AND
1 1 1519 1520 INV
2 1 1242 1520 1521 AND
1 1 1521 1522 INV
2 1 1240 1522 1523 AND
1 1 1523 1524 INV
2 1 1239 1524 1525 AND
1 1 1525 1526 INV
2 1 1237 1526 1527 AND
1 1 1527 1528 INV
2 1 1236 1528 1529 AND
1 1 1529 1530 INV
2 1 1234 1530 1531 AND
1 1 1531 1532 INV
2 1 1232 1532 1533 AND
1 1 1533 1534 INV
2 1 1230 1534 1535 AND
1 1 1535 1536 INV
2 1 1229 1536 1537 AND
1 1 1537 1538 INV
2 1 1227 1538 1539 AND
1 1 1539 1540 INV
2 1 1225 1540 1541 AND
1 1 1541 1542 INV
2 1 1223 1542 1543 AND
1 1 1543 1544 INV
2 1 1222 1544 1545 AND
1 1 1545 1546 INV
2 1 1220 1546 1547 AND
1 1 1547 1548 INV
2 1 1218 1548 1549 AND
1 1 1549 1550 INV
2 1 1216 1550 1551 AND
1 1 1551 1552 INV
2 1 1215 1552 1553 AND
1 1 1553 1554 INV
2 1 1213 1554 1555 AND
1 1 1555 1556 INV
2 1 1212 1556 1557 AND
1 1 1557 1558 INV
2 1 1210 1558 1559 AND
1 1 1559 1560 INV
2 1 1209 1560 1561 AND
1 1 1561 1562 INV
2 1 1207 1562 1563 AND
1 1 1563 1564 INV
2 1 1205 1564 1565 AND
1 1 1565 1566 INV
2 1 1203 1566 1567 AND
1 1 1567 1568 INV
2 1 1202 1568 1569 AND
1 1 1569 1570 INV
2 1 1200 1570 1571 AND
1 1 1571 1572 INV
2 1 1198 1572 1573 AND
1 1 1573 1574 INV
2 1 1196 1574 1575 AND
1 1 1575 1576 INV
2 1 1195 1576 1577 AND
1 1 1577 1578 INV
2 1 1193 1578 1579 AND
1 1 1579 1580 INV
2 1 1191 1580 1581 AND
1 1 1581 1582 INV
2 1 1189 1582 1583 AND
1 1 1583 1584 INV
2 1 1188 1584 1585 AND
1 1 1585 1586 INV
2 1 1186 1586 1587 AND
1 1 1587 1588 INV
2 1 1184 1588 1589 AND
1 1 1589 1590 INV
2 1 1182 1590 1591 AND
1 1 1591 1592 INV
2 1 1181 1592 1593 AND
1 1 1593 1594 INV
2 1 1179 1594 1595 AND
1 1 1595 1596 INV
2 1 1177 1596 1597 AND
1 1 1597 1598 INV
2 1 1175 1598 1599 AND
1 1 1599 1600 INV
2 1 1171 1599 1601 AND
1 1 1601 1602 INV
2 1 1168 1601 1603 AND
1 1 1603 1604 INV
2 1 1171 1173 1605 AND
1 1 1605 1606 INV
2 1 1170 1606 1607 AND
1 1 1607 1608 INV
2 1 1168 1608 1609 AND
1 1 1609 1610 INV
2 1 1163 1165 1611 AND
1 1 1611 1612 INV
2 1 1162 1612 1613 AND
2 1 1610 1613 1614 AND
2 1 1604 1614 1615 AND
1 1 1615 1616 INV
2 1 320 64 1617 XOR
2 1 1616 1617 1618 AND
1 1 1618 1619 INV
2 1 1160 1619 1620 AND
1 1 1620 1621 INV
2 1 321 65 1622 XOR
2 1 1621 1622 1623 AND
1 1 1623 1624 INV
2 1 1158 1624 1625 AND
1 1 1625 1626 INV
2 1 1156 1626 1627 AND
1 1 1627 1628 INV
2 1 1155 1628 1629 AND
1 1 1629 1630 INV
2 1 1153 1630 1631 AND
1 1 1631 1632 INV
2 1 1151 1632 1633 AND
1 1 1633 1634 INV
2 1 1149 1634 1635 AND
1 1 1635 1636 INV
2 1 1148 1636 1637 AND
1 1 1637 1638 INV
2 1 1146 1638 1639 AND
1 1 1639 1640 INV
2 1 1144 1640 1641 AND
1 1 1641 1642 INV
2 1 1142 1642 1643 AND
1 1 1643 1644 INV
2 1 1141 1644 1645 AND
1 1 1645 1646 INV
2 1 1139 1646 1647 AND
1 1 1647 1648 INV
2 1 1137 1648 1649 AND
1 1 1649 1650 INV
2 1 1135 1650 1651 AND
1 1 1651 1652 INV
2 1 1134 1652 1653 AND
1 1 1653 1654 INV
2 1 1132 1654 1655 AND
1 1 1655 1656 INV
2 1 1130 1656 1657 AND
1 1 1657 1658 INV
2 1 1128 1658 1659 AND
1 1 1659 1660 INV
2 1 1127 1660 1661 AND
1 1 1661 1662 INV
2 1 1125 1662 1663 AND
1 1 1663 1664 INV
2 1 1123 1664 1665 AND
1 1 1665 1666 INV
2 1 1121 1666 1667 AND
1 1 1667 1668 INV
2 1 1120 1668 1669 AND
1 1 1669 1670 INV
2 1 1118 1670 1671 AND
1 1 1671 1672 INV
2 1 1116 1672 1673 AND
1 1 1673 1674 INV
2 1 1114 1674 1675 AND
1 1 1675 1676 INV
2 1 1113 1676 1677 AND
1 1 1677 1678 INV
2 1 1111 1678 1679 AND
1 1 1679 1680 INV
2 1 1109 1680 1681 AND
1 1 1681 1682 INV
2 1 1107 1682 1683 AND
1 1 1683 1684 INV
2 1 1106 1684 1685 AND
1 1 1685 1686 INV
2 1 1104 1686 1687 AND
1 1 1687 1688 INV
2 1 1103 1688 1689 AND
1 1 1689 1690 INV
2 1 1101 1690 1691 AND
1 1 1691 1692 INV
2 1 1100 1692 1693 AND
1 1 1693 1694 INV
2 1 1098 1694 1695 AND
1 1 1695 1696 INV
2 1 1096 1696 1697 AND
1 1 1697 1698 INV
2 1 1094 1698 1699 AND
1 1 1699 1700 INV
2 1 1093 1700 1701 AND
1 1 1701 1702 INV
2 1 1091 1702 1703 AND
1 1 1703 1704 INV
2 1 1089 1704 1705 AND
1 1 1705 1706 INV
2 1 1087 1706 1707 AND
1 1 1707 1708 INV
2 1 1086 1708 1709 AND
1 1 1709 1710 INV
2 1 1084 1710 1711 AND
1 1 1711 1712 INV
2 1 1082 1712 1713 AND
1 1 1713 1714 INV
2 1 1080 1714 1715 AND
1 1 1715 1716 INV
2 1 1079 1716 1717 AND
1 1 1717 1718 INV
2 1 1077 1718 1719 AND
1 1 1719 1720 INV
2 1 1076 1720 1721 AND
1 1 1721 1722 INV
2 1 1074 1722 1723 AND
1 1 1723 1724 INV
2 1 1073 1724 1725 AND
1 1 1725 1726 INV
2 1 1071 1726 1727 AND
1 1 1727 1728 INV
2 1 1069 1728 1729 AND
1 1 1729 1730 INV
2 1 1067 1730 1731 AND
1 1 1731 1732 INV
2 1 1063 1731 1733 AND
1 1 1733 1734 INV
2 1 1060 1733 1735 AND
1 1 1735 1736 INV
2 1 1063 1065 1737 AND
1 1 1737 1738 INV
2 1 1062 1738 1739 AND
1 1 1739 1740 INV
2 1 1060 1740 1741 AND
1 1 1741 1742 INV
2 1 1055 1057 1743 AND
1 1 1743 1744 INV
2 1 1054 1744 1745 AND
2 1 1742 1745 1746 AND
2 1 1736 1746 1747 AND
1 1 1747 1748 INV
2 1 1052 1748 1749 AND
1 1 1749 1750 INV
2 1 1051 1750 1751 AND
1 1 1751 1752 INV
2 1 1049 1752 1753 AND
1 1 1753 1754 INV
2 1 1047 1754 1755 AND
1 1 1755 1756 INV
2 1 1045 1756 1757 AND
1 1 1757 1758 INV
2 1 1044 1758 1759 AND
1 1 1759 1760 INV
2 1 1042 1760 1761 AND
1 1 1761 1762 INV
2 1 1040 1762 1763 AND
1 1 1763 1764 INV
2 1 1038 1764 1765 AND
1 1 1765 1766 INV
2 1 1037 1766 1767 AND
1 1 1767 1768 INV
2 1 1035 1768 1769 AND
1 1 1769 1770 INV
2 1 1033 1770 1771 AND
1 1 1771 1772 INV
2 1 1031 1772 1773 AND
1 1 1773 1774 INV
2 1 1030 1774 1775 AND
1 1 1775 1776 INV
2 1 1028 1776 1777 AND
1 1 1777 1778 INV
2 1 1026 1778 1779 AND
1 1 1779 1780 INV
2 1 1024 1780 1781 AND
1 1 1781 1782 INV
2 1 1023 1782 1783 AND
1 1 1783 1784 INV
2 1 1021 1784 1785 AND
1 1 1785 1786 INV
2 1 1019 1786 1787 AND
1 1 1787 1788 INV
2 1 1017 1788 1789 AND
1 1 1789 1790 INV
2 1 1016 1790 1791 AND
1 1 1791 1792 INV
2 1 1014 1792 1793 AND
1 1 1793 1794 INV
2 1 1012 1794 1795 AND
1 1 1795 1796 INV
2 1 1010 1796 1797 AND
1 1 1797 1798 INV
2 1 1006 1797 1799 AND
1 1 1799 1800 INV
2 1 1003 1799 1801 AND
1 1 1801 1802 INV
2 1 1006 1008 1803 AND
1 1 1803 1804 INV
2 1 1005 1804 1805 AND
1 1 1805 1806 INV
2 1 1003 1806 1807 AND
1 1 1807 1808 INV
2 1 998 1000 1809 AND
1 1 1809 1810 INV
2 1 997 1810 1811 AND
2 1 1808 1811 1812 AND
2 1 1802 1812 1813 AND
1 1 1813 1814 INV
2 1 995 1814 1815 AND
1 1 1815 1816 INV
2 1 994 1816 1817 AND
1 1 1817 1818 INV
2 1 992 1818 1819 AND
1 1 1819 1820 INV
2 1 990 1820 1821 AND
1 1 1821 1822 INV
2 1 988 1822 1823 AND
1 1 1823 1824 INV
2 1 987 1824 1825 AND
1 1 1825 1826 INV
2 1 985 1826 1827 AND
1 1 1827 1828 INV
2 1 983 1828 1829 AND
1 1 1829 1830 INV
2 1 981 1830 1831 AND
1 1 1831 1832 INV
2 1 977 1831 1833 AND
1 1 1833 1834 INV
2 1 974 1833 1835 AND
1 1 1835 1836 INV
2 1 977 979 1837 AND
1 1 1837 1838 INV
2 1 976 1838 1839 AND
1 1 1839 1840 INV
2 1 974 1840 1841 AND
1 1 1841 1842 INV
2 1 969 971 1843 AND
1 1 1843 1844 INV
2 1 968 1844 1845 AND
2 1 1842 1845 1846 AND
2 1 1836 1846 1847 AND
1 1 1847 1848 INV
2 1 966 1848 1849 AND
1 1 1849 1850 INV
2 1 962 1849 1851 AND
1 1 1851 1852 INV
2 1 959 1851 1853 AND
1 1 1853 1854 INV
2 1 951 1853 1855 AND
1 1 1855 1856 INV
2 1 962 964 1857 AND
1 1 1857 1858 INV
2 1 961 1858 1859 AND
1 1 1859 1860 INV
2 1 959 1860 1861 AND
1 1 1861 1862 INV
2 1 954 956 1863 AND
1 1 1863 1864 INV
2 1 953 1864 1865 AND
2 1 1862 1865 1866 AND
1 1 1866 1867 INV
2 1 951 1867 1868 AND
1 1 1868 1869 INV
2 1 945 947 1870 AND
1 1 1870 1871 INV
2 1 944 1871 1872 AND
1 1 1872 1873 INV
2 1 942 1873 1874 AND
1 1 1874 1875 INV
2 1 937 939 1876 AND
1 1 1876 1877 INV
2 1 936 1877 1878 AND
2 1 1875 1878 1879 AND
2 1 1869 1879 1880 AND
2 1 1856 1880 1881 AND
1 1 1881 1882 INV
2 1 384 128 1883 XOR
2 1 1882 1883 1884 AND
1 1 1884 1885 INV
2 1 934 1885 1886 AND
1 1 1886 1887 INV
2 1 385 129 1888 XOR
2 1 1887 1888 1889 AND
1 1 1889 1890 INV
2 1 932 1890 1891 AND
1 1 1891 1892 INV
2 1 930 1892 1893 AND
1 1 1893 1894 INV
2 1 929 1894 1895 AND
1 1 1895 1896 INV
2 1 927 1896 1897 AND
1 1 1897 1898 INV
2 1 925 1898 1899 AND
1 1 1899 1900 INV
2 1 923 1900 1901 AND
1 1 1901 1902 INV
2 1 922 1902 1903 AND
1 1 1903 1904 INV
2 1 920 1904 1905 AND
1 1 1905 1906 INV
2 1 918 1906 1907 AND
1 1 1907 1908 INV
2 1 916 1908 1909 AND
1 1 1909 1910 INV
2 1 915 1910 1911 AND
1 1 1911 1912 INV
2 1 913 1912 1913 AND
1 1 1913 1914 INV
2 1 911 1914 1915 AND
1 1 1915 1916 INV
2 1 909 1916 1917 AND
1 1 1917 1918 INV
2 1 908 1918 1919 AND
1 1 1919 1920 INV
2 1 906 1920 1921 AND
1 1 1921 1922 INV
2 1 904 1922 1923 AND
1 1 1923 1924 INV
2 1 902 1924 1925 AND
1 1 1925 1926 INV
2 1 901 1926 1927 AND
1 1 1927 1928 INV
2 1 899 1928 1929 AND
1 1 1929 1930 INV
2 1 897 1930 1931 AND
1 1 1931 1932 INV
2 1 895 1932 1933 AND
1 1 1933 1934 INV
2 1 894 1934 1935 AND
1 1 1935 1936 INV
2 1 892 1936 1937 AND
1 1 1937 1938 INV
2 1 890 1938 1939 AND
1 1 1939 1940 INV
2 1 888 1940 1941 AND
1 1 1941 1942 INV
2 1 887 1942 1943 AND
1 1 1943 1944 INV
2 1 885 1944 1945 AND
1 1 1945 1946 INV
2 1 883 1946 1947 AND
1 1 1947 1948 INV
2 1 881 1948 1949 AND
1 1 1949 1950 INV
2 1 880 1950 1951 AND
1 1 1951 1952 INV
2 1 878 1952 1953 AND
1 1 1953 1954 INV
2 1 876 1954 1955 AND
1 1 1955 1956 INV
2 1 874 1956 1957 AND
1 1 1957 1958 INV
2 1 873 1958 1959 AND
1 1 1959 1960 INV
2 1 871 1960 1961 AND
1 1 1961 1962 INV
2 1 869 1962 1963 AND
1 1 1963 1964 INV
2 1 867 1964 1965 AND
1 1 1965 1966 INV
2 1 866 1966 1967 AND
1 1 1967 1968 INV
2 1 864 1968 1969 AND
1 1 1969 1970 INV
2 1 862 1970 1971 AND
1 1 1971 1972 INV
2 1 860 1972 1973 AND
1 1 1973 1974 INV
2 1 859 1974 1975 AND
1 1 1975 1976 INV
2 1 857 1976 1977 AND
1 1 1977 1978 INV
2 1 855 1978 1979 AND
1 1 1979 1980 INV
2 1 853 1980 1981 AND
1 1 1981 1982 INV
2 1 852 1982 1983 AND
1 1 1983 1984 INV
2 1 850 1984 1985 AND
1 1 1985 1986 INV
2 1 848 1986 1987 AND
1 1 1987 1988 INV
2 1 846 1988 1989 AND
1 1 1989 1990 INV
2 1 845 1990 1991 AND
1 1 1991 1992 INV
2 1 843 1992 1993 AND
1 1 1993 1994 INV
2 1 841 1994 1995 AND
1 1 1995 1996 INV
2 1 839 1996 1997 AND
1 1 1997 1998 INV
2 1 835 1997 1999 AND
1 1 1999 2000 INV
2 1 832 1999 2001 AND
1 1 2001 2002 INV
2 1 835 837 2003 AND
1 1 2003 2004 INV
2 1 834 2004 2005 AND
1 1 2005 2006 INV
2 1 832 2006 2007 AND
1 1 2007 2008 INV
2 1 827 829 2009 AND
1 1 2009 2010 INV
2 1 826 2010 2011 AND
2 1 2008 2011 2012 AND
2 1 2002 2012 2013 AND
1 1 2013 2014 INV
2 1 824 2014 2015 AND
1 1 2015 2016 INV
2 1 823 2016 2017 AND
1 1 2017 2018 INV
2 1 821 2018 2019 AND
1 1 2019 2020 INV
2 1 819 2020 2021 AND
1 1 2021 2022 INV
2 1 817 2022 2023 AND
1 1 2023 2024 INV
2 1 816 2024 2025 AND
1 1 2025 2026 INV
2 1 814 2026 2027 AND
1 1 2027 2028 INV
2 1 812 2028 2029 AND
1 1 2029 2030 INV
2 1 810 2030 2031 AND
1 1 2031 2032 INV
2 1 809 2032 2033 AND
1 1 2033 2034 INV
2 1 807 2034 2035 AND
1 1 2035 2036 INV
2 1 805 2036 2037 AND
1 1 2037 2038 INV
2 1 803 2038 2039 AND
1 1 2039 2040 INV
2 1 802 2040 2041 AND
1 1 2041 2042 INV
2 1 800 2042 2043 AND
1 1 2043 2044 INV
2 1 798 2044 2045 AND
1 1 2045 2046 INV
2 1 796 2046 2047 AND
1 1 2047 2048 INV
2 1 795 2048 2049 AND
1 1 2049 2050 INV
2 1 793 2050 2051 AND
1 1 2051 2052 INV
2 1 792 2052 2053 AND
1 1 2053 2054 INV
2 1 790 2054 2055 AND
1 1 2055 2056 INV
2 1 789 2056 2057 AND
1 1 2057 2058 INV
2 1 787 2058 2059 AND
1 1 2059 2060 INV
2 1 785 2060 2061 AND
1 1 2061 2062 INV
2 1 783 2062 2063 AND
1 1 2063 2064 INV
2 1 779 2063 2065 AND
1 1 2065 2066 INV
2 1 776 2065 2067 AND
1 1 2067 2068 INV
2 1 779 781 2069 AND
1 1 2069 2070 INV
2 1 778 2070 2071 AND
1 1 2071 2072 INV
2 1 776 2072 2073 AND
1 1 2073 2074 INV
2 1 771 773 2075 AND
1 1 2075 2076 INV
2 1 770 2076 2077 AND
2 1 2074 2077 2078 AND
2 1 2068 2078 2079 AND
1 1 2079 2080 INV
2 1 768 2080 2081 AND
1 1 2081 2082 INV
2 1 767 2082 2083 AND
1 1 2083 2084 INV
2 1 765 2084 2085 AND
1 1 2085 2086 INV
2 1 763 2086 2087 AND
1 1 2087 2088 INV
2 1 761 2088 2089 AND
1 1 2089 2090 INV
2 1 760 2090 2091 AND
1 1 2091 2092 INV
2 1 758 2092 2093 AND
1 1 2093 2094 INV
2 1 756 2094 2095 AND
1 1 2095 2096 INV
2 1 754 2096 2097 AND
1 1 2097 2098 INV
2 1 750 2097 2099 AND
1 1 2099 2100 INV
2 1 747 2099 2101 AND
1 1 2101 2102 INV
2 1 750 752 2103 AND
1 1 2103 2104 INV
2 1 749 2104 2105 AND
1 1 2105 2106 INV
2 1 747 2106 2107 AND
1 1 2107 2108 INV
2 1 742 744 2109 AND
1 1 2109 2110 INV
2 1 741 2110 2111 AND
2 1 2108 2111 2112 AND
2 1 2102 2112 2113 AND
1 1 2113 2114 INV
2 1 739 2114 2115 AND
1 1 2115 2116 INV
2 1 735 2115 2117 AND
1 1 2117 2118 INV
2 1 732 2117 2119 AND
1 1 2119 2120 INV
2 1 724 2119 2121 AND
1 1 2121 2122 INV
2 1 735 737 2123 AND
1 1 2123 2124 INV
2 1 734 2124 2125 AND
1 1 2125 2126 INV
2 1 732 2126 2127 AND
1 1 2127 2128 INV
2 1 727 729 2129 AND
1 1 2129 2130 INV
2 1 726 2130 2131 AND
2 1 2128 2131 2132 AND
1 1 2132 2133 INV
2 1 724 2133 2134 AND
1 1 2134 2135 INV
2 1 718 720 2136 AND
1 1 2136 2137 INV
2 1 717 2137 2138 AND
1 1 2138 2139 INV
2 1 715 2139 2140 AND
1 1 2140 2141 INV
2 1 710 712 2142 AND
1 1 2142 2143 INV
2 1 709 2143 2144 AND
2 1 2141 2144 2145 AND
2 1 2135 2145 2146 AND
2 1 2122 2146 2147 AND
1 1 2147 2148 INV
2 1 707 2148 2149 AND
1 1 2149 2150 INV
2 1 706 2150 2151 AND
1 1 2151 2152 INV
2 1 704 2152 2153 AND
1 1 2153 2154 INV
2 1 702 2154 2155 AND
1 1 2155 2156 INV
2 1 700 2156 2157 AND
1 1 2157 2158 INV
2 1 699 2158 2159 AND
1 1 2159 2160 INV
2 1 697 2160 2161 AND
1 1 2161 2162 INV
2 1 695 2162 2163 AND
1 1 2163 2164 INV
2 1 693 2164 2165 AND
1 1 2165 2166 INV
2 1 689 2165 2167 AND
1 1 2167 2168 INV
2 1 686 2167 2169 AND
1 1 2169 2170 INV
2 1 689 691 2171 AND
1 1 2171 2172 INV
2 1 688 2172 2173 AND
1 1 2173 2174 INV
2 1 686 2174 2175 AND
1 1 2175 2176 INV
2 1 681 683 2177 AND
1 1 2177 2178 INV
2 1 680 2178 2179 AND
2 1 2176 2179 2180 AND
2 1 2170 2180 2181 AND
1 1 2181 2182 INV
2 1 678 2182 2183 AND
1 1 2183 2184 INV
2 1 674 2183 2185 AND
1 1 2185 2186 INV
2 1 671 2185 2187 AND
1 1 2187 2188 INV
2 1 663 2187 2189 AND
1 1 2189 2190 INV
2 1 674 676 2191 AND
1 1 2191 2192 INV
2 1 673 2192 2193 AND
1 1 2193 2194 INV
2 1 671 2194 2195 AND
1 1 2195 2196 INV
2 1 666 668 2197 AND
1 1 2197 2198 INV
2 1 665 2198 2199 AND
2 1 2196 2199 2200 AND
1 1 2200 2201 INV
2 1 663 2201 2202 AND
1 1 2202 2203 INV
2 1 657 659 2204 AND
1 1 2204 2205 INV
2 1 656 2205 2206 AND
1 1 2206 2207 INV
2 1 654 2207 2208 AND
1 1 2208 2209 INV
2 1 649 651 2210 AND
1 1 2210 2211 INV
2 1 648 2211 2212 AND
2 1 2209 2212 2213 AND
2 1 2203 2213 2214 AND
2 1 2190 2214 2215 AND
1 1 2215 2216 INV
2 1 465 209 2217 AND
1 1 2217 2218 INV
2 1 465 209 2219 XOR
1 1 2219 2220 INV
2 1 464 208 2221 AND
1 1 2221 2222 INV
2 1 464 208 2223 XOR
2 1 2219 2223 2224 AND
2 1 2216 2224 2225 AND
1 1 2225 2226 INV
2 1 646 2225 2227 AND
1 1 2227 2228 INV
2 1 638 2227 2229 AND
1 1 2229 2230 INV
2 1 621 2229 2231 AND
1 1 2231 2232 INV
2 1 2219 2221 2233 AND
1 1 2233 2234 INV
2 1 2218 2234 2235 AND
1 1 2235 2236 INV
2 1 646 2236 2237 AND
1 1 2237 2238 INV
2 1 641 643 2239 AND
1 1 2239 2240 INV
2 1 640 2240 2241 AND
2 1 2238 2241 2242 AND
1 1 2242 2243 INV
2 1 638 2243 2244 AND
1 1 2244 2245 INV
2 1 632 634 2246 AND
1 1 2246 2247 INV
2 1 631 2247 2248 AND
1 1 2248 2249 INV
2 1 629 2249 2250 AND
1 1 2250 2251 INV
2 1 624 626 2252 AND
1 1 2252 2253 INV
2 1 623 2253 2254 AND
2 1 2251 2254 2255 AND
2 1 2245 2255 2256 AND
1 1 2256 2257 INV
2 1 621 2257 2258 AND
1 1 2258 2259 INV
2 1 614 616 2260 AND
1 1 2260 2261 INV
2 1 613 2261 2262 AND
1 1 2262 2263 INV
2 1 611 2263 2264 AND
1 1 2264 2265 INV
2 1 606 608 2266 AND
1 1 2266 2267 INV
2 1 605 2267 2268 AND
2 1 2265 2268 2269 AND
1 1 2269 2270 INV
2 1 603 2270 2271 AND
1 1 2271 2272 INV
2 1 597 599 2273 AND
1 1 2273 2274 INV
2 1 596 2274 2275 AND
1 1 2275 2276 INV
2 1 594 2276 2277 AND
1 1 2277 2278 INV
2 1 589 591 2279 AND
1 1 2279 2280 INV
2 1 588 2280 2281 AND
2 1 2278 2281 2282 AND
2 1 2272 2282 2283 AND
2 1 2259 2283 2284 AND
2 1 2232 2284 2285 AND
1 1 2285 2286 INV
2 1 483 227 2287 AND
1 1 2287 2288 INV
2 1 483 227 2289 XOR
1 1 2289 2290 INV
2 1 482 226 2291 AND
1 1 2291 2292 INV
2 1 482 226 2293 XOR
2 1 2289 2293 2294 AND
2 1 481 225 2295 AND
1 1 2295 2296 INV
2 1 481 225 2297 XOR
1 1 2297 2298 INV
2 1 480 224 2299 AND
1 1 2299 2300 INV
2 1 480 224 2301 XOR
2 1 2297 2301 2302 AND
2 1 2294 2302 2303 AND
2 1 2286 2303 2304 AND
1 1 2304 2305 INV
2 1 586 2304 2306 AND
1 1 2306 2307 INV
2 1 569 2306 2308 AND
1 1 2308 2309 INV
2 1 2297 2299 2310 AND
1 1 2310 2311 INV
2 1 2296 2311 2312 AND
1 1 2312 2313 INV
2 1 2294 2313 2314 AND
1 1 2314 2315 INV
2 1 2289 2291 2316 AND
1 1 2316 2317 INV
2 1 2288 2317 2318 AND
2 1 2315 2318 2319 AND
1 1 2319 2320 INV
2 1 586 2320 2321 AND
1 1 2321 2322 INV
2 1 580 582 2323 AND
1 1 2323 2324 INV
2 1 579 2324 2325 AND
1 1 2325 2326 INV
2 1 577 2326 2327 AND
1 1 2327 2328 INV
2 1 572 574 2329 AND
1 1 2329 2330 INV
2 1 571 2330 2331 AND
2 1 2328 2331 2332 AND
2 1 2322 2332 2333 AND
1 1 2333 2334 INV
2 1 569 2334 2335 AND
1 1 2335 2336 INV
2 1 562 564 2337 AND
1 1 2337 2338 INV
2 1 561 2338 2339 AND
1 1 2339 2340 INV
2 1 559 2340 2341 AND
1 1 2341 2342 INV
2 1 554 556 2343 AND
1 1 2343 2344 INV
2 1 553 2344 2345 AND
2 1 2342 2345 2346 AND
1 1 2346 2347 INV
2 1 551 2347 2348 AND
1 1 2348 2349 INV
2 1 545 547 2350 AND
1 1 2350 2351 INV
2 1 544 2351 2352 AND
1 1 2352 2353 INV
2 1 542 2353 2354 AND
1 1 2354 2355 INV
2 1 537 539 2356 AND
1 1 2356 2357 INV
2 1 536 2357 2358 AND
2 1 2355 2358 2359 AND
2 1 2349 2359 2360 AND
2 1 2336 2360 2361 AND
2 1 2309 2361 2362 AND
1 1 2362 2363 INV
2 1 496 240 2364 XOR
2 1 4128 2364 2365 AND
2 1 4125 2365 2366 AND
2 1 4117 2366 2367 AND
2 1 2363 2367 2368 AND
1 1 2368 2369 INV
2 1 534 2369 2370 AND
1 1 2370 2371 INV
2 1 4100 2371 2372 AND
1 1 2372 2373 INV
2 1 4097 2373 2374 AND
1 1 2374 2375 INV
2 1 4073 2375 2376 AND
1 1 2376 2377 INV
2 1 4070 2377 2378 AND
2 1 4072 2375 2379 AND
1 1 2379 2380 INV
2 1 4063 2380 2381 AND
1 1 2381 2382 INV
2 1 4053 2382 2383 AND
1 1 2383 2384 INV
2 1 4052 2384 2385 AND
2 1 4049 2385 2386 XOR
2 1 4050 2385 2387 XOR
2 1 4053 2382 2388 XOR
2 1 2387 2388 2389 AND
2 1 2363 2366 2390 AND
1 1 2390 2391 INV
2 1 520 2391 2392 AND
1 1 2392 2393 INV
2 1 4116 2393 2394 AND
1 1 2394 2395 INV
2 1 526 2395 2396 AND
1 1 2396 2397 INV
2 1 4107 2397 2398 AND
1 1 2398 2399 INV
2 1 4106 2399 2400 AND
2 1 4104 2400 2401 XOR
2 1 2363 2365 2402 AND
1 1 2402 2403 INV
2 1 513 2403 2404 AND
1 1 2404 2405 INV
2 1 4124 2405 2406 AND
1 1 2406 2407 INV
2 1 4123 2407 2408 AND
2 1 4121 2408 2409 XOR
2 1 4124 2405 2410 XOR
2 1 2363 2364 2411 AND
1 1 2411 2412 INV
2 1 4131 2412 2413 AND
2 1 4128 2413 2414 XOR
2 1 4129 2413 2415 XOR
2 1 2363 2364 2416 XOR
2 1 2415 2416 2417 AND
2 1 2410 2417 2418 AND
2 1 2409 2418 2419 AND
2 1 4107 2397 2420 XOR
2 1 2419 2420 2421 AND
2 1 4115 2393 2422 AND
1 1 2422 2423 INV
2 1 4114 2423 2424 AND
2 1 4111 2424 2425 XOR
2 1 4112 2424 2426 XOR
2 1 4115 2393 2427 XOR
2 1 2426 2427 2428 AND
2 1 2421 2428 2429 AND
2 1 2401 2429 2430 AND
2 1 4099 2371 2431 AND
1 1 2431 2432 INV
2 1 4090 2432 2433 AND
1 1 2433 2434 INV
2 1 4076 2434 2435 AND
1 1 2435 2436 INV
2 1 4075 2436 2437 AND
2 1 4080 2437 2438 XOR
2 1 4076 2434 2439 XOR
2 1 4098 2371 2440 AND
1 1 2440 2441 INV
2 1 4087 2441 2442 AND
2 1 4084 2442 2443 XOR
2 1 4085 2442 2444 XOR
2 1 4098 2371 2445 XOR
2 1 2444 2445 2446 AND
2 1 2439 2446 2447 AND
2 1 2438 2447 2448 AND
2 1 4071 2375 2449 AND
1 1 2449 2450 INV
2 1 4060 2450 2451 AND
2 1 4057 2451 2452 XOR
2 1 4058 2451 2453 XOR
2 1 4071 2375 2454 XOR
2 1 2453 2454 2455 AND
2 1 2307 2333 2456 AND
1 1 2456 2457 INV
2 1 568 2457 2458 AND
1 1 2458 2459 INV
2 1 2346 2459 2460 AND
1 1 2460 2461 INV
2 1 550 2461 2462 AND
1 1 2462 2463 INV
2 1 2352 2463 2464 AND
1 1 2464 2465 INV
2 1 541 2465 2466 AND
1 1 2466 2467 INV
2 1 540 2467 2468 AND
2 1 537 2468 2469 XOR
2 1 538 2468 2470 XOR
2 1 541 2465 2471 XOR
2 1 2470 2471 2472 AND
2 1 549 2461 2473 AND
1 1 2473 2474 INV
2 1 548 2474 2475 AND
2 1 545 2475 2476 XOR
2 1 546 2475 2477 XOR
2 1 549 2461 2478 XOR
2 1 2477 2478 2479 AND
2 1 2305 2319 2480 AND
1 1 2480 2481 INV
2 1 585 2481 2482 AND
1 1 2482 2483 INV
2 1 2325 2483 2484 AND
1 1 2484 2485 INV
2 1 576 2485 2486 AND
1 1 2486 2487 INV
2 1 575 2487 2488 AND
2 1 573 2488 2489 XOR
2 1 2286 2302 2490 AND
1 1 2490 2491 INV
2 1 2312 2491 2492 AND
1 1 2492 2493 INV
2 1 2293 2493 2494 AND
1 1 2494 2495 INV
2 1 2292 2495 2496 AND
2 1 2290 2496 2497 XOR
2 1 2293 2493 2498 XOR
2 1 2286 2301 2499 AND
1 1 2499 2500 INV
2 1 2300 2500 2501 AND
2 1 2297 2501 2502 XOR
2 1 2298 2501 2503 XOR
2 1 2286 2301 2504 XOR
2 1 2503 2504 2505 AND
2 1 2498 2505 2506 AND
2 1 2497 2506 2507 AND
2 1 584 2481 2508 AND
1 1 2508 2509 INV
2 1 583 2509 2510 AND
2 1 580 2510 2511 XOR
2 1 581 2510 2512 XOR
2 1 584 2481 2513 XOR
2 1 2512 2513 2514 AND
2 1 576 2485 2515 XOR
2 1 2507 2515 2516 AND
2 1 2514 2516 2517 AND
2 1 2489 2517 2518 AND
2 1 2479 2518 2519 AND
2 1 567 2457 2520 AND
1 1 2520 2521 INV
2 1 2339 2521 2522 AND
1 1 2522 2523 INV
2 1 558 2523 2524 AND
1 1 2524 2525 INV
2 1 557 2525 2526 AND
2 1 555 2526 2527 XOR
2 1 558 2523 2528 XOR
2 1 566 2457 2529 AND
1 1 2529 2530 INV
2 1 565 2530 2531 AND
2 1 562 2531 2532 XOR
2 1 563 2531 2533 XOR
2 1 566 2457 2534 XOR
2 1 2533 2534 2535 AND
2 1 2528 2535 2536 AND
2 1 2527 2536 2537 AND
2 1 2230 2256 2538 AND
1 1 2538 2539 INV
2 1 620 2539 2540 AND
1 1 2540 2541 INV
2 1 2269 2541 2542 AND
1 1 2542 2543 INV
2 1 602 2543 2544 AND
1 1 2544 2545 INV
2 1 2275 2545 2546 AND
1 1 2546 2547 INV
2 1 593 2547 2548 AND
1 1 2548 2549 INV
2 1 592 2549 2550 AND
2 1 589 2550 2551 XOR
2 1 590 2550 2552 XOR
2 1 593 2547 2553 XOR
2 1 2552 2553 2554 AND
2 1 619 2539 2555 AND
1 1 2555 2556 INV
2 1 2262 2556 2557 AND
1 1 2557 2558 INV
2 1 610 2558 2559 AND
1 1 2559 2560 INV
2 1 609 2560 2561 AND
2 1 607 2561 2562 XOR
2 1 610 2558 2563 XOR
2 1 618 2539 2564 AND
1 1 2564 2565 INV
2 1 617 2565 2566 AND
2 1 614 2566 2567 XOR
2 1 615 2566 2568 XOR
2 1 618 2539 2569 XOR
2 1 2568 2569 2570 AND
2 1 2563 2570 2571 AND
2 1 2562 2571 2572 AND
2 1 601 2543 2573 AND
1 1 2573 2574 INV
2 1 600 2574 2575 AND
2 1 597 2575 2576 XOR
2 1 598 2575 2577 XOR
2 1 601 2543 2578 XOR
2 1 2577 2578 2579 AND
2 1 2228 2242 2580 AND
1 1 2580 2581 INV
2 1 637 2581 2582 AND
1 1 2582 2583 INV
2 1 2248 2583 2584 AND
1 1 2584 2585 INV
2 1 628 2585 2586 AND
1 1 2586 2587 INV
2 1 627 2587 2588 AND
2 1 625 2588 2589 XOR
2 1 636 2581 2590 AND
1 1 2590 2591 INV
2 1 635 2591 2592 AND
2 1 632 2592 2593 XOR
2 1 633 2592 2594 XOR
2 1 636 2581 2595 XOR
2 1 2594 2595 2596 AND
2 1 2226 2235 2597 AND
1 1 2597 2598 INV
2 1 645 2598 2599 AND
1 1 2599 2600 INV
2 1 644 2600 2601 AND
2 1 642 2601 2602 XOR
2 1 645 2598 2603 XOR
2 1 2216 2223 2604 AND
1 1 2604 2605 INV
2 1 2222 2605 2606 AND
2 1 2219 2606 2607 XOR
2 1 2220 2606 2608 XOR
2 1 2216 2223 2609 XOR
2 1 2608 2609 2610 AND
2 1 2603 2610 2611 AND
2 1 2602 2611 2612 AND
2 1 628 2585 2613 XOR
2 1 2612 2613 2614 AND
2 1 2596 2614 2615 AND
2 1 2589 2615 2616 AND
2 1 2188 2200 2617 AND
1 1 2617 2618 INV
2 1 662 2618 2619 AND
1 1 2619 2620 INV
2 1 2206 2620 2621 AND
1 1 2621 2622 INV
2 1 653 2622 2623 AND
1 1 2623 2624 INV
2 1 652 2624 2625 AND
2 1 649 2625 2626 XOR
2 1 650 2625 2627 XOR
2 1 653 2622 2628 XOR
2 1 2627 2628 2629 AND
2 1 661 2618 2630 AND
1 1 2630 2631 INV
2 1 660 2631 2632 AND
2 1 657 2632 2633 XOR
2 1 658 2632 2634 XOR
2 1 661 2618 2635 XOR
2 1 2634 2635 2636 AND
2 1 2186 2193 2637 AND
1 1 2637 2638 INV
2 1 670 2638 2639 AND
1 1 2639 2640 INV
2 1 669 2640 2641 AND
2 1 667 2641 2642 XOR
2 1 670 2638 2643 XOR
2 1 677 2184 2644 AND
2 1 674 2644 2645 XOR
2 1 675 2644 2646 XOR
2 1 678 2182 2647 XOR
2 1 2646 2647 2648 AND
2 1 2643 2648 2649 AND
2 1 2642 2649 2650 AND
2 1 2168 2173 2651 AND
1 1 2651 2652 INV
2 1 685 2652 2653 AND
1 1 2653 2654 INV
2 1 684 2654 2655 AND
2 1 682 2655 2656 XOR
2 1 685 2652 2657 XOR
2 1 3952 195 2658 XOR
2 1 2159 2658 2659 XOR
2 1 700 2156 2660 XOR
2 1 707 2148 2661 XOR
2 1 3950 193 2662 XOR
2 1 2152 2662 2663 XOR
2 1 2151 2662 2664 XOR
2 1 2661 2664 2665 AND
2 1 2660 2665 2666 AND
2 1 2659 2666 2667 AND
2 1 2657 2667 2668 AND
2 1 692 2166 2669 AND
2 1 689 2669 2670 XOR
2 1 690 2669 2671 XOR
2 1 693 2164 2672 XOR
2 1 2671 2672 2673 AND
2 1 2668 2673 2674 AND
2 1 2656 2674 2675 AND
2 1 2120 2132 2676 AND
1 1 2676 2677 INV
2 1 723 2677 2678 AND
1 1 2678 2679 INV
2 1 2138 2679 2680 AND
1 1 2680 2681 INV
2 1 714 2681 2682 AND
1 1 2682 2683 INV
2 1 713 2683 2684 AND
2 1 710 2684 2685 XOR
2 1 711 2684 2686 XOR
2 1 714 2681 2687 XOR
2 1 2686 2687 2688 AND
2 1 722 2677 2689 AND
1 1 2689 2690 INV
2 1 721 2690 2691 AND
2 1 718 2691 2692 XOR
2 1 719 2691 2693 XOR
2 1 722 2677 2694 XOR
2 1 2693 2694 2695 AND
2 1 2118 2125 2696 AND
1 1 2696 2697 INV
2 1 731 2697 2698 AND
1 1 2698 2699 INV
2 1 730 2699 2700 AND
2 1 728 2700 2701 XOR
2 1 731 2697 2702 XOR
2 1 738 2116 2703 AND
2 1 735 2703 2704 XOR
2 1 736 2703 2705 XOR
2 1 739 2114 2706 XOR
2 1 2705 2706 2707 AND
2 1 2702 2707 2708 AND
2 1 2701 2708 2709 AND
2 1 2100 2105 2710 AND
1 1 2710 2711 INV
2 1 746 2711 2712 AND
1 1 2712 2713 INV
2 1 745 2713 2714 AND
2 1 743 2714 2715 XOR
2 1 746 2711 2716 XOR
2 1 3948 179 2717 XOR
2 1 2091 2717 2718 XOR
2 1 761 2088 2719 XOR
2 1 768 2080 2720 XOR
2 1 3946 177 2721 XOR
2 1 2084 2721 2722 XOR
2 1 2083 2721 2723 XOR
2 1 2720 2723 2724 AND
2 1 2719 2724 2725 AND
2 1 2718 2725 2726 AND
2 1 2716 2726 2727 AND
2 1 753 2098 2728 AND
2 1 750 2728 2729 XOR
2 1 751 2728 2730 XOR
2 1 754 2096 2731 XOR
2 1 2730 2731 2732 AND
2 1 2727 2732 2733 AND
2 1 2715 2733 2734 AND
2 1 2066 2071 2735 AND
1 1 2735 2736 INV
2 1 775 2736 2737 AND
1 1 2737 2738 INV
2 1 774 2738 2739 AND
2 1 771 2739 2740 XOR
2 1 772 2739 2741 XOR
2 1 775 2736 2742 XOR
2 1 2741 2742 2743 AND
2 1 782 2064 2744 AND
2 1 779 2744 2745 XOR
2 1 780 2744 2746 XOR
2 1 783 2062 2747 XOR
2 1 2746 2747 2748 AND
2 1 3944 171 2749 XOR
2 1 2057 2749 2750 XOR
2 1 790 2054 2751 XOR
2 1 796 2046 2752 XOR
2 1 793 2050 2753 XOR
2 1 793 2049 2754 XOR
2 1 2752 2753 2755 AND
2 1 2751 2755 2756 AND
2 1 2750 2756 2757 AND
2 1 3942 167 2758 XOR
2 1 2041 2758 2759 XOR
2 1 803 2038 2760 XOR
2 1 3938 163 2761 XOR
2 1 2025 2761 2762 XOR
2 1 824 2014 2763 XOR
2 1 3936 161 2764 XOR
2 1 2018 2764 2765 XOR
2 1 2017 2764 2766 XOR
2 1 2763 2766 2767 AND
2 1 817 2022 2768 XOR
2 1 2767 2768 2769 AND
2 1 2762 2769 2770 AND
2 1 810 2030 2771 XOR
2 1 3940 165 2772 XOR
2 1 2034 2772 2773 XOR
2 1 2033 2772 2774 XOR
2 1 2771 2774 2775 AND
2 1 2770 2775 2776 AND
2 1 2760 2776 2777 AND
2 1 2759 2777 2778 AND
2 1 2000 2005 2779 AND
1 1 2779 2780 INV
2 1 831 2780 2781 AND
1 1 2781 2782 INV
2 1 830 2782 2783 AND
2 1 828 2783 2784 XOR
2 1 838 1998 2785 AND
2 1 835 2785 2786 XOR
2 1 836 2785 2787 XOR
2 1 839 1996 2788 XOR
2 1 2787 2788 2789 AND
2 1 831 2780 2790 XOR
2 1 3934 155 2791 XOR
2 1 1991 2791 2792 XOR
2 1 846 1988 2793 XOR
2 1 853 1980 2794 XOR
2 1 3932 153 2795 XOR
2 1 1984 2795 2796 XOR
2 1 1983 2795 2797 XOR
2 1 2794 2797 2798 AND
2 1 2793 2798 2799 AND
2 1 2792 2799 2800 AND
2 1 3930 151 2801 XOR
2 1 1975 2801 2802 XOR
2 1 860 1972 2803 XOR
2 1 3926 147 2804 XOR
2 1 1959 2804 2805 XOR
2 1 881 1948 2806 XOR
2 1 3924 145 2807 XOR
2 1 1952 2807 2808 XOR
2 1 1951 2807 2809 XOR
2 1 2806 2809 2810 AND
2 1 874 1956 2811 XOR
2 1 2810 2811 2812 AND
2 1 2805 2812 2813 AND
2 1 867 1964 2814 XOR
2 1 3928 149 2815 XOR
2 1 1968 2815 2816 XOR
2 1 1967 2815 2817 XOR
2 1 2814 2817 2818 AND
2 1 2813 2818 2819 AND
2 1 2803 2819 2820 AND
2 1 2802 2820 2821 AND
2 1 3922 143 2822 XOR
2 1 1943 2822 2823 XOR
2 1 888 1940 2824 XOR
2 1 895 1932 2825 XOR
2 1 3920 141 2826 XOR
2 1 1936 2826 2827 XOR
2 1 1935 2826 2828 XOR
2 1 2825 2828 2829 AND
2 1 3918 139 2830 XOR
2 1 1927 2830 2831 XOR
2 1 909 1916 2832 XOR
2 1 3916 137 2833 XOR
2 1 1920 2833 2834 XOR
2 1 1919 2833 2835 XOR
2 1 2832 2835 2836 AND
2 1 902 1924 2837 XOR
2 1 2836 2837 2838 AND
2 1 2831 2838 2839 AND
2 1 3914 135 2840 XOR
2 1 1911 2840 2841 XOR
2 1 916 1908 2842 XOR
2 1 923 1900 2843 XOR
2 1 3912 133 2844 XOR
2 1 1904 2844 2845 XOR
2 1 1903 2844 2846 XOR
2 1 2843 2846 2847 AND
2 1 3910 131 2848 XOR
2 1 1895 2848 2849 XOR
2 1 1887 1888 2850 XOR
2 1 1886 1888 2851 XOR
2 1 1882 1883 2852 XOR
2 1 2850 2852 2853 AND
2 1 930 1892 2854 XOR
2 1 2853 2854 2855 AND
2 1 2849 2855 2856 AND
2 1 2847 2856 2857 AND
2 1 2842 2857 2858 AND
2 1 2841 2858 2859 AND
2 1 1854 1866 2860 AND
1 1 2860 2861 INV
2 1 950 2861 2862 AND
1 1 2862 2863 INV
2 1 1872 2863 2864 AND
1 1 2864 2865 INV
2 1 941 2865 2866 AND
1 1 2866 2867 INV
2 1 940 2867 2868 AND
2 1 937 2868 2869 XOR
2 1 938 2868 2870 XOR
2 1 941 2865 2871 XOR
2 1 2870 2871 2872 AND
2 1 949 2861 2873 AND
1 1 2873 2874 INV
2 1 948 2874 2875 AND
2 1 945 2875 2876 XOR
2 1 946 2875 2877 XOR
2 1 949 2861 2878 XOR
2 1 2877 2878 2879 AND
2 1 1852 1859 2880 AND
1 1 2880 2881 INV
2 1 958 2881 2882 AND
1 1 2882 2883 INV
2 1 957 2883 2884 AND
2 1 955 2884 2885 XOR
2 1 958 2881 2886 XOR
2 1 965 1850 2887 AND
2 1 962 2887 2888 XOR
2 1 963 2887 2889 XOR
2 1 966 1848 2890 XOR
2 1 2889 2890 2891 AND
2 1 2886 2891 2892 AND
2 1 2885 2892 2893 AND
2 1 1834 1839 2894 AND
1 1 2894 2895 INV
2 1 973 2895 2896 AND
1 1 2896 2897 INV
2 1 972 2897 2898 AND
2 1 970 2898 2899 XOR
2 1 973 2895 2900 XOR
2 1 3908 115 2901 XOR
2 1 1825 2901 2902 XOR
2 1 988 1822 2903 XOR
2 1 995 1814 2904 XOR
2 1 3906 113 2905 XOR
2 1 1818 2905 2906 XOR
2 1 1817 2905 2907 XOR
2 1 2904 2907 2908 AND
2 1 2903 2908 2909 AND
2 1 2902 2909 2910 AND
2 1 2900 2910 2911 AND
2 1 980 1832 2912 AND
2 1 977 2912 2913 XOR
2 1 978 2912 2914 XOR
2 1 981 1830 2915 XOR
2 1 2914 2915 2916 AND
2 1 2911 2916 2917 AND
2 1 2899 2917 2918 AND
2 1 1800 1805 2919 AND
1 1 2919 2920 INV
2 1 1002 2920 2921 AND
1 1 2921 2922 INV
2 1 1001 2922 2923 AND
2 1 998 2923 2924 XOR
2 1 999 2923 2925 XOR
2 1 1002 2920 2926 XOR
2 1 2925 2926 2927 AND
2 1 1009 1798 2928 AND
2 1 1006 2928 2929 XOR
2 1 1007 2928 2930 XOR
2 1 1010 1796 2931 XOR
2 1 2930 2931 2932 AND
2 1 3904 107 2933 XOR
2 1 1791 2933 2934 XOR
2 1 1017 1788 2935 XOR
2 1 1024 1780 2936 XOR
2 1 3902 105 2937 XOR
2 1 1784 2937 2938 XOR
2 1 1783 2937 2939 XOR
2 1 2936 2939 2940 AND
2 1 2935 2940 2941 AND
2 1 2934 2941 2942 AND
2 1 4026 103 2943 XOR
2 1 1775 2943 2944 XOR
2 1 1031 1772 2945 XOR
2 1 4022 99 2946 XOR
2 1 1759 2946 2947 XOR
2 1 1052 1748 2948 XOR
2 1 4020 97 2949 XOR
2 1 1752 2949 2950 XOR
2 1 1751 2949 2951 XOR
2 1 2948 2951 2952 AND
2 1 1045 1756 2953 XOR
2 1 2952 2953 2954 AND
2 1 2947 2954 2955 AND
2 1 1038 1764 2956 XOR
2 1 4024 101 2957 XOR
2 1 1768 2957 2958 XOR
2 1 1767 2957 2959 XOR
2 1 2956 2959 2960 AND
2 1 2955 2960 2961 AND
2 1 2945 2961 2962 AND
2 1 2944 2962 2963 AND
2 1 1734 1739 2964 AND
1 1 2964 2965 INV
2 1 1059 2965 2966 AND
1 1 2966 2967 INV
2 1 1058 2967 2968 AND
2 1 1056 2968 2969 XOR
2 1 1066 1732 2970 AND
2 1 1063 2970 2971 XOR
2 1 1064 2970 2972 XOR
2 1 1067 1730 2973 XOR
2 1 2972 2973 2974 AND
2 1 1059 2965 2975 XOR
2 1 4018 91 2976 XOR
2 1 1725 2976 2977 XOR
2 1 1074 1722 2978 XOR
2 1 1080 1714 2979 XOR
2 1 1077 1718 2980 XOR
2 1 1077 1717 2981 XOR
2 1 2979 2980 2982 AND
2 1 2978 2982 2983 AND
2 1 2977 2983 2984 AND
2 1 4016 87 2985 XOR
2 1 1709 2985 2986 XOR
2 1 1094 1698 2987 XOR
2 1 4014 85 2988 XOR
2 1 1702 2988 2989 XOR
2 1 1701 2988 2990 XOR
2 1 2987 2990 2991 AND
2 1 4012 83 2992 XOR
2 1 1693 2992 2993 XOR
2 1 1107 1682 2994 XOR
2 1 1104 1686 2995 XOR
2 1 1104 1685 2996 XOR
2 1 2994 2995 2997 AND
2 1 1101 1690 2998 XOR
2 1 2997 2998 2999 AND
2 1 2993 2999 3000 AND
2 1 2991 3000 3001 AND
2 1 1087 1706 3002 XOR
2 1 3001 3002 3003 AND
2 1 2986 3003 3004 AND
2 1 4010 79 3005 XOR
2 1 1677 3005 3006 XOR
2 1 1114 1674 3007 XOR
2 1 1121 1666 3008 XOR
2 1 4008 77 3009 XOR
2 1 1670 3009 3010 XOR
2 1 1669 3009 3011 XOR
2 1 3008 3011 3012 AND
2 1 4006 75 3013 XOR
2 1 1661 3013 3014 XOR
2 1 1135 1650 3015 XOR
2 1 4004 73 3016 XOR
2 1 1654 3016 3017 XOR
2 1 1653 3016 3018 XOR
2 1 3015 3018 3019 AND
2 1 1128 1658 3020 XOR
2 1 3019 3020 3021 AND
2 1 3014 3021 3022 AND
2 1 4002 71 3023 XOR
2 1 1645 3023 3024 XOR
2 1 1142 1642 3025 XOR
2 1 1149 1634 3026 XOR
2 1 4000 69 3027 XOR
2 1 1638 3027 3028 XOR
2 1 1637 3027 3029 XOR
2 1 3026 3029 3030 AND
2 1 3998 67 3031 XOR
2 1 1629 3031 3032 XOR
2 1 1621 1622 3033 XOR
2 1 1620 1622 3034 XOR
2 1 1616 1617 3035 XOR
2 1 3033 3035 3036 AND
2 1 1156 1626 3037 XOR
2 1 3036 3037 3038 AND
2 1 3032 3038 3039 AND
2 1 3030 3039 3040 AND
2 1 3025 3040 3041 AND
2 1 3024 3041 3042 AND
2 1 1602 1607 3043 AND
1 1 3043 3044 INV
2 1 1167 3044 3045 AND
1 1 3045 3046 INV
2 1 1166 3046 3047 AND
2 1 1164 3047 3048 XOR
2 1 1174 1600 3049 AND
2 1 1171 3049 3050 XOR
2 1 1172 3049 3051 XOR
2 1 1175 1598 3052 XOR
2 1 3051 3052 3053 AND
2 1 1167 3044 3054 XOR
2 1 3996 59 3055 XOR
2 1 1593 3055 3056 XOR
2 1 1182 1590 3057 XOR
2 1 1189 1582 3058 XOR
2 1 3994 57 3059 XOR
2 1 1586 3059 3060 XOR
2 1 1585 3059 3061 XOR
2 1 3058 3061 3062 AND
2 1 3057 3062 3063 AND
2 1 3056 3063 3064 AND
2 1 3992 55 3065 XOR
2 1 1577 3065 3066 XOR
2 1 1203 1566 3067 XOR
2 1 3990 53 3068 XOR
2 1 1570 3068 3069 XOR
2 1 1569 3068 3070 XOR
2 1 3067 3070 3071 AND
2 1 3988 51 3072 XOR
2 1 1561 3072 3073 XOR
2 1 1216 1550 3074 XOR
2 1 1213 1554 3075 XOR
2 1 1213 1553 3076 XOR
2 1 3074 3075 3077 AND
2 1 1210 1558 3078 XOR
2 1 3077 3078 3079 AND
2 1 3073 3079 3080 AND
2 1 3071 3080 3081 AND
2 1 1196 1574 3082 XOR
2 1 3081 3082 3083 AND
2 1 3066 3083 3084 AND
2 1 3986 47 3085 XOR
2 1 1545 3085 3086 XOR
2 1 1223 1542 3087 XOR
2 1 1230 1534 3088 XOR
2 1 3984 45 3089 XOR
2 1 1538 3089 3090 XOR
2 1 1537 3089 3091 XOR
2 1 3088 3091 3092 AND
2 1 3982 43 3093 XOR
2 1 1529 3093 3094 XOR
2 1 1243 1518 3095 XOR
2 1 1240 1522 3096 XOR
2 1 1240 1521 3097 XOR
2 1 3095 3096 3098 AND
2 1 1237 1526 3099 XOR
2 1 3098 3099 3100 AND
2 1 3094 3100 3101 AND
2 1 3980 39 3102 XOR
2 1 1513 3102 3103 XOR
2 1 1250 1510 3104 XOR
2 1 1257 1502 3105 XOR
2 1 3978 37 3106 XOR
2 1 1506 3106 3107 XOR
2 1 1505 3106 3108 XOR
2 1 3105 3108 3109 AND
2 1 3976 35 3110 XOR
2 1 1497 3110 3111 XOR
2 1 1489 1490 3112 XOR
2 1 1488 1490 3113 XOR
2 1 1484 1485 3114 XOR
2 1 3112 3114 3115 AND
2 1 1264 1494 3116 XOR
2 1 3115 3116 3117 AND
2 1 3111 3117 3118 AND
2 1 3109 3118 3119 AND
2 1 3104 3119 3120 AND
2 1 3103 3120 3121 AND
2 1 3974 31 3122 XOR
2 1 1479 3122 3123 XOR
2 1 1275 1476 3124 XOR
2 1 1282 1468 3125 XOR
2 1 3972 29 3126 XOR
2 1 1472 3126 3127 XOR
2 1 1471 3126 3128 XOR
2 1 3125 3128 3129 AND
2 1 3970 27 3130 XOR
2 1 1463 3130 3131 XOR
2 1 1295 1452 3132 XOR
2 1 1292 1456 3133 XOR
2 1 1292 1455 3134 XOR
2 1 3132 3133 3135 AND
2 1 1289 1460 3136 XOR
2 1 3135 3136 3137 AND
2 1 3131 3137 3138 AND
2 1 3968 23 3139 XOR
2 1 1447 3139 3140 XOR
2 1 1302 1444 3141 XOR
2 1 1309 1436 3142 XOR
2 1 3966 21 3143 XOR
2 1 1440 3143 3144 XOR
2 1 1439 3143 3145 XOR
2 1 3142 3145 3146 AND
2 1 3960 15 3147 XOR
2 1 1414 3147 3148 XOR
2 1 1329 1411 3149 XOR
2 1 1336 1403 3150 XOR
2 1 3958 13 3151 XOR
2 1 1407 3151 3152 XOR
2 1 1406 3151 3153 XOR
2 1 3150 3153 3154 AND
2 1 1354 1377 3155 XOR
2 1 1371 1373 3156 XOR
2 1 1367 1368 3157 XOR
2 1 1366 1368 3158 XOR
2 1 1361 1363 3159 XOR
1 1 3159 3160 INV
2 1 4041 4046 3161 AND
2 1 3159 3161 3162 AND
2 1 3158 3162 3163 AND
2 1 3156 3163 3164 AND
1 1 3164 3165 INV
2 1 3155 3165 3166 AND
1 1 3166 3167 INV
2 1 263 7 3168 XOR
2 1 1380 3168 3169 XOR
2 1 3167 3169 3170 AND
1 1 3170 3171 INV
2 1 3956 11 3172 XOR
2 1 1398 3172 3173 XOR
2 1 1390 1391 3174 XOR
2 1 1389 1391 3175 XOR
2 1 1385 1386 3176 XOR
2 1 3174 3176 3177 AND
2 1 1343 1395 3178 XOR
2 1 3177 3178 3179 AND
2 1 3173 3179 3180 AND
2 1 3171 3180 3181 AND
2 1 3154 3181 3182 AND
2 1 3149 3182 3183 AND
2 1 3148 3183 3184 AND
2 1 3964 19 3185 XOR
2 1 1431 3185 3186 XOR
2 1 1419 1420 3187 XOR
2 1 3962 17 3188 XOR
2 1 1424 3188 3189 XOR
2 1 1423 3188 3190 XOR
2 1 3187 3190 3191 AND
2 1 1316 1428 3192 XOR
2 1 3191 3192 3193 AND
2 1 3186 3193 3194 AND
2 1 3184 3194 3195 AND
2 1 3146 3195 3196 AND
2 1 3141 3196 3197 AND
2 1 3140 3197 3198 AND
2 1 3138 3198 3199 AND
2 1 3129 3199 3200 AND
2 1 3124 3200 3201 AND
2 1 3123 3201 3202 AND
2 1 2519 2537 3203 AND
2 1 2472 3203 3204 AND
2 1 2757 2778 3205 AND
2 1 2748 3205 3206 AND
2 1 2743 3206 3207 AND
2 1 2839 2859 3208 AND
2 1 2829 3208 3209 AND
2 1 2824 3209 3210 AND
2 1 2823 3210 3211 AND
2 1 2942 2963 3212 AND
2 1 2932 3212 3213 AND
2 1 2927 3213 3214 AND
2 1 3022 3042 3215 AND
2 1 3012 3215 3216 AND
2 1 3007 3216 3217 AND
2 1 3006 3217 3218 AND
2 1 3101 3121 3219 AND
2 1 3092 3219 3220 AND
2 1 3087 3220 3221 AND
2 1 3086 3221 3222 AND
2 1 3202 3222 3223 AND
2 1 3084 3223 3224 AND
2 1 3064 3224 3225 AND
2 1 3053 3225 3226 AND
2 1 3054 3226 3227 AND
2 1 3048 3227 3228 AND
2 1 3218 3228 3229 AND
2 1 3004 3229 3230 AND
2 1 2984 3230 3231 AND
2 1 2974 3231 3232 AND
2 1 2975 3232 3233 AND
2 1 2969 3233 3234 AND
2 1 3214 3234 3235 AND
2 1 2918 3235 3236 AND
2 1 2893 3236 3237 AND
2 1 2879 3237 3238 AND
2 1 2872 3238 3239 AND
2 1 3211 3239 3240 AND
2 1 2821 3240 3241 AND
2 1 2800 3241 3242 AND
2 1 2789 3242 3243 AND
2 1 2790 3243 3244 AND
2 1 2784 3244 3245 AND
2 1 3207 3245 3246 AND
2 1 2734 3246 3247 AND
2 1 2709 3247 3248 AND
2 1 2695 3248 3249 AND
2 1 2688 3249 3250 AND
2 1 2650 2675 3251 AND
2 1 2636 3251 3252 AND
2 1 2629 3252 3253 AND
2 1 2616 3253 3254 AND
2 1 2579 3254 3255 AND
2 1 2572 3255 3256 AND
2 1 2554 3256 3257 AND
2 1 3250 3257 3258 AND
2 1 3204 3258 3259 AND
2 1 2448 2455 3260 AND
2 1 3259 3260 3261 AND
2 1 2430 3261 3262 AND
2 1 2389 3262 3263 AND
1 1 3263 3264 INV
2 1 2760 2770 3265 AND
2 1 2759 2775 3266 AND
2 1 3265 3266 3267 AND
2 1 2748 3267 3268 AND
2 1 2743 2757 3269 AND
2 1 3268 3269 3270 AND
2 1 2734 3270 3271 AND
2 1 2695 3271 3272 AND
2 1 2823 2829 3273 AND
2 1 2824 2839 3274 AND
2 1 2859 3274 3275 AND
2 1 3273 3275 3276 AND
2 1 2821 3276 3277 AND
2 1 2784 3277 3278 AND
2 1 2790 2800 3279 AND
2 1 2789 3279 3280 AND
2 1 3278 3280 3281 AND
2 1 2709 3281 3282 AND
2 1 2688 3282 3283 AND
2 1 3272 3283 3284 AND
2 1 2932 2963 3285 AND
2 1 2927 2942 3286 AND
2 1 3285 3286 3287 AND
2 1 2918 3287 3288 AND
2 1 2879 3288 3289 AND
2 1 3006 3012 3290 AND
2 1 3025 3030 3291 AND
2 1 3024 3039 3292 AND
2 1 3291 3292 3293 AND
2 1 3007 3022 3294 AND
2 1 3293 3294 3295 AND
2 1 3290 3295 3296 AND
2 1 2986 3002 3297 AND
2 1 3001 3297 3298 AND
2 1 3296 3298 3299 AND
2 1 2969 3299 3300 AND
2 1 2975 2984 3301 AND
2 1 2974 3301 3302 AND
2 1 3300 3302 3303 AND
2 1 2893 3303 3304 AND
2 1 2872 3304 3305 AND
2 1 3289 3305 3306 AND
2 1 3086 3092 3307 AND
2 1 3087 3101 3308 AND
2 1 3121 3308 3309 AND
2 1 3307 3309 3310 AND
2 1 3084 3310 3311 AND
2 1 3048 3311 3312 AND
2 1 3054 3064 3313 AND
2 1 3053 3313 3314 AND
2 1 3312 3314 3315 AND
2 1 3123 3129 3316 AND
2 1 3124 3138 3317 AND
2 1 3141 3146 3318 AND
2 1 3140 3194 3319 AND
2 1 3318 3319 3320 AND
2 1 3184 3320 3321 AND
2 1 3317 3321 3322 AND
2 1 3316 3322 3323 AND
2 1 3315 3323 3324 AND
2 1 3306 3324 3325 AND
2 1 3284 3325 3326 AND
2 1 2596 2612 3327 AND
2 1 2589 2613 3328 AND
2 1 3327 3328 3329 AND
2 1 2554 3329 3330 AND
2 1 2636 2675 3331 AND
2 1 2629 2650 3332 AND
2 1 3331 3332 3333 AND
2 1 2572 3333 3334 AND
2 1 2579 3334 3335 AND
2 1 3330 3335 3336 AND
2 1 2378 3264 3337 AND
1 1 3337 3338 INV
2 1 4046 3338 3339 AND
2 1 4041 3339 3340 AND
2 1 4042 3339 4135 XOR
2 1 3159 3340 3341 AND
1 1 3341 3342 INV
2 1 3160 3340 4136 XOR
2 1 3157 3342 3343 AND
1 1 3343 3344 INV
2 1 3163 3338 3345 AND
1 1 3345 3346 INV
2 1 3344 3346 3347 AND
1 1 3347 4137 INV
2 1 3156 3346 4138 XOR
2 1 3165 3338 3348 AND
2 1 3155 3348 4139 XOR
2 1 3170 3338 3349 AND
1 1 3349 3350 INV
2 1 3169 3350 3351 AND
1 1 3351 3352 INV
2 1 3171 3338 3353 AND
2 1 3167 3353 3354 AND
1 1 3354 3355 INV
2 1 3352 3355 4140 AND
2 1 3176 3353 3356 AND
1 1 3356 3357 INV
2 1 3176 3353 4141 XOR
2 1 3175 3357 3358 AND
1 1 3358 3359 INV
2 1 3177 3353 3360 AND
1 1 3360 3361 INV
2 1 3359 3361 4142 AND
2 1 3178 3360 3362 AND
2 1 3178 3360 4143 XOR
2 1 3180 3353 3363 AND
2 1 3173 3362 4144 XOR
2 1 3150 3363 3364 AND
1 1 3364 3365 INV
2 1 3150 3363 4145 XOR
2 1 3152 3365 3366 AND
1 1 3366 3367 INV
2 1 3154 3363 3368 AND
1 1 3368 3369 INV
2 1 3367 3369 4146 AND
2 1 3149 3368 3370 AND
2 1 3149 3368 4147 XOR
2 1 3184 3338 3371 AND
2 1 3148 3370 4148 XOR
2 1 3187 3371 3372 AND
1 1 3372 3373 INV
2 1 3187 3371 4149 XOR
2 1 3189 3373 3374 AND
1 1 3374 3375 INV
2 1 3191 3371 3376 AND
1 1 3376 3377 INV
2 1 3375 3377 4150 AND
2 1 3192 3376 3378 AND
2 1 3192 3376 4151 XOR
2 1 3194 3371 3379 AND
2 1 3186 3378 4152 XOR
2 1 3142 3379 3380 AND
1 1 3380 3381 INV
2 1 3142 3379 4153 XOR
2 1 3144 3381 3382 AND
1 1 3382 3383 INV
2 1 3146 3379 3384 AND
1 1 3384 3385 INV
2 1 3383 3385 4154 AND
2 1 3141 3384 3386 AND
2 1 3141 3384 4155 XOR
2 1 3198 3338 3387 AND
2 1 3140 3386 4156 XOR
2 1 3321 3338 3388 AND
2 1 3132 3387 3389 AND
1 1 3389 3390 INV
2 1 3132 3387 4157 XOR
2 1 3134 3390 3391 AND
1 1 3391 3392 INV
2 1 3135 3388 3393 AND
1 1 3393 3394 INV
2 1 3392 3394 4158 AND
2 1 3136 3393 3395 AND
2 1 3136 3393 4159 XOR
2 1 3131 3395 4160 XOR
2 1 3138 3388 3396 AND
2 1 3125 3396 3397 AND
1 1 3397 3398 INV
2 1 3125 3396 4161 XOR
2 1 3127 3398 3399 AND
1 1 3399 3400 INV
2 1 3129 3396 3401 AND
1 1 3401 3402 INV
2 1 3400 3402 4162 AND
2 1 3124 3401 3403 AND
2 1 3124 3401 4163 XOR
2 1 3202 3338 3404 AND
2 1 3123 3403 4164 XOR
2 1 3323 3338 3405 AND
2 1 3114 3404 3406 AND
1 1 3406 3407 INV
2 1 3114 3404 4165 XOR
2 1 3113 3407 3408 AND
1 1 3408 3409 INV
2 1 3115 3405 3410 AND
1 1 3410 3411 INV
2 1 3409 3411 4166 AND
2 1 3116 3410 3412 AND
2 1 3116 3410 4167 XOR
2 1 3118 3404 3413 AND
2 1 3111 3412 4168 XOR
2 1 3118 3405 3414 AND
2 1 3105 3413 3415 AND
1 1 3415 3416 INV
2 1 3105 3413 4169 XOR
2 1 3107 3416 3417 AND
1 1 3417 3418 INV
2 1 3109 3414 3419 AND
1 1 3419 3420 INV
2 1 3418 3420 4170 AND
2 1 3104 3419 3421 AND
2 1 3104 3419 4171 XOR
2 1 3121 3404 3422 AND
2 1 3103 3421 4172 XOR
2 1 3095 3422 3423 AND
1 1 3423 3424 INV
2 1 3095 3422 4173 XOR
2 1 3097 3424 3425 AND
1 1 3425 3426 INV
2 1 3098 3422 3427 AND
1 1 3427 3428 INV
2 1 3426 3428 4174 AND
2 1 3099 3427 3429 AND
2 1 3099 3427 4175 XOR
2 1 3101 3422 3430 AND
2 1 3094 3429 4176 XOR
2 1 3088 3430 3431 AND
1 1 3431 3432 INV
2 1 3088 3430 4177 XOR
2 1 3090 3432 3433 AND
1 1 3433 3434 INV
2 1 3092 3430 3435 AND
1 1 3435 3436 INV
2 1 3434 3436 4178 AND
2 1 3087 3435 3437 AND
2 1 3087 3435 4179 XOR
2 1 3086 3437 3438 AND
2 1 3086 3437 4180 XOR
2 1 3223 3338 3439 AND
2 1 3310 3323 3440 AND
2 1 3338 3440 3441 AND
2 1 3074 3439 3442 AND
1 1 3442 3443 INV
2 1 3074 3439 4181 XOR
2 1 3076 3443 3444 AND
1 1 3444 3445 INV
2 1 3077 3438 3446 AND
1 1 3446 3447 INV
2 1 3445 3447 4182 AND
2 1 3078 3446 3448 AND
2 1 3078 3446 4183 XOR
2 1 3073 3448 4184 XOR
2 1 3080 3441 3449 AND
2 1 3067 3449 3450 AND
1 1 3450 3451 INV
2 1 3067 3449 4185 XOR
2 1 3069 3451 3452 AND
1 1 3452 3453 INV
2 1 3071 3449 3454 AND
1 1 3454 3455 INV
2 1 3453 3455 4186 AND
2 1 3082 3454 3456 AND
2 1 3082 3454 4187 XOR
2 1 3066 3456 4188 XOR
2 1 3084 3439 3457 AND
2 1 3058 3457 3458 AND
1 1 3458 3459 INV
2 1 3058 3457 4189 XOR
2 1 3060 3459 3460 AND
1 1 3460 3461 INV
2 1 3062 3457 3462 AND
1 1 3462 3463 INV
2 1 3461 3463 4190 AND
2 1 3057 3462 3464 AND
2 1 3057 3462 4191 XOR
2 1 3056 3464 4192 XOR
2 1 3064 3457 3465 AND
2 1 3052 3465 3466 AND
1 1 3466 3467 INV
2 1 3052 3465 4193 XOR
2 1 3050 3467 3468 AND
1 1 3468 3469 INV
2 1 3053 3465 3470 AND
1 1 3470 3471 INV
2 1 3469 3471 4194 AND
2 1 3054 3470 3472 AND
2 1 3054 3470 4195 XOR
2 1 3048 3472 4196 XOR
2 1 3228 3338 3473 AND
2 1 3324 3338 3474 AND
2 1 3035 3474 3475 AND
1 1 3475 3476 INV
2 1 3035 3473 4197 XOR
2 1 3034 3476 3477 AND
1 1 3477 3478 INV
2 1 3036 3474 3479 AND
1 1 3479 3480 INV
2 1 3478 3480 4198 AND
2 1 3037 3479 3481 AND
2 1 3037 3479 4199 XOR
2 1 3032 3481 4200 XOR
2 1 3039 3474 3482 AND
2 1 3026 3482 3483 AND
1 1 3483 3484 INV
2 1 3026 3482 4201 XOR
2 1 3028 3484 3485 AND
1 1 3485 3486 INV
2 1 3030 3482 3487 AND
1 1 3487 3488 INV
2 1 3486 3488 4202 AND
2 1 3025 3487 3489 AND
2 1 3025 3487 4203 XOR
2 1 3024 3489 4204 XOR
2 1 3042 3473 3490 AND
2 1 3015 3490 3491 AND
1 1 3491 3492 INV
2 1 3015 3490 4205 XOR
2 1 3017 3492 3493 AND
1 1 3493 3494 INV
2 1 3019 3490 3495 AND
1 1 3495 3496 INV
2 1 3494 3496 4206 AND
2 1 3020 3495 3497 AND
2 1 3020 3495 4207 XOR
2 1 3014 3497 4208 XOR
2 1 3022 3490 3498 AND
2 1 3008 3498 3499 AND
1 1 3499 3500 INV
2 1 3008 3498 4209 XOR
2 1 3010 3500 3501 AND
1 1 3501 3502 INV
2 1 3012 3498 3503 AND
1 1 3503 3504 INV
2 1 3502 3504 4210 AND
2 1 3007 3503 3505 AND
2 1 3007 3503 4211 XOR
2 1 3006 3505 4212 XOR
2 1 3229 3338 3506 AND
2 1 3296 3324 3507 AND
2 1 3338 3507 3508 AND
2 1 2994 3506 3509 AND
1 1 3509 3510 INV
2 1 2994 3506 4213 XOR
2 1 2996 3510 3511 AND
1 1 3511 3512 INV
2 1 2997 3508 3513 AND
1 1 3513 3514 INV
2 1 3512 3514 4214 AND
2 1 2998 3513 3515 AND
2 1 2998 3513 4215 XOR
2 1 2993 3515 4216 XOR
2 1 3000 3508 3516 AND
2 1 2987 3516 3517 AND
1 1 3517 3518 INV
2 1 2987 3516 4217 XOR
2 1 2989 3518 3519 AND
1 1 3519 3520 INV
2 1 2991 3516 3521 AND
1 1 3521 3522 INV
2 1 3520 3522 4218 AND
2 1 3002 3521 3523 AND
2 1 3002 3521 4219 XOR
2 1 2986 3523 4220 XOR
2 1 3004 3506 3524 AND
2 1 2979 3524 3525 AND
1 1 3525 3526 INV
2 1 2979 3524 4221 XOR
2 1 2981 3526 3527 AND
1 1 3527 3528 INV
2 1 2982 3524 3529 AND
1 1 3529 3530 INV
2 1 3528 3530 4222 AND
2 1 2978 3529 3531 AND
2 1 2978 3529 4223 XOR
2 1 2977 3531 4224 XOR
2 1 2984 3524 3532 AND
2 1 2973 3532 3533 AND
1 1 3533 3534 INV
2 1 2973 3532 4225 XOR
2 1 2971 3534 3535 AND
1 1 3535 3536 INV
2 1 2974 3532 3537 AND
1 1 3537 3538 INV
2 1 3536 3538 4226 AND
2 1 2975 3537 3539 AND
2 1 2975 3537 4227 XOR
2 1 2969 3539 4228 XOR
2 1 3303 3324 3540 AND
2 1 3338 3540 3541 AND
2 1 2948 3541 3542 AND
1 1 3542 3543 INV
2 1 2948 3541 4229 XOR
2 1 2950 3543 3544 AND
1 1 3544 3545 INV
2 1 2952 3541 3546 AND
1 1 3546 3547 INV
2 1 3545 3547 4230 AND
2 1 2953 3546 3548 AND
2 1 2953 3546 4231 XOR
2 1 2947 3548 4232 XOR
2 1 2955 3541 3549 AND
2 1 2956 3549 3550 AND
1 1 3550 3551 INV
2 1 2956 3549 4233 XOR
2 1 2958 3551 3552 AND
1 1 3552 3553 INV
2 1 2960 3549 3554 AND
1 1 3554 3555 INV
2 1 3553 3555 4234 AND
2 1 2945 3554 3556 AND
2 1 2945 3554 4235 XOR
2 1 2944 3556 4236 XOR
2 1 2963 3541 3557 AND
2 1 2936 3557 3558 AND
1 1 3558 3559 INV
2 1 2936 3557 4237 XOR
2 1 2938 3559 3560 AND
1 1 3560 3561 INV
2 1 2940 3557 3562 AND
1 1 3562 3563 INV
2 1 3561 3563 4238 AND
2 1 2935 3562 3564 AND
2 1 2935 3562 4239 XOR
2 1 2934 3564 4240 XOR
2 1 2942 3557 3565 AND
2 1 2931 3565 3566 AND
1 1 3566 3567 INV
2 1 2931 3565 4241 XOR
2 1 2929 3567 3568 AND
1 1 3568 3569 INV
2 1 2932 3565 3570 AND
1 1 3570 3571 INV
2 1 3569 3571 4242 AND
2 1 2926 3570 3572 AND
1 1 3572 3573 INV
2 1 2926 3570 4243 XOR
2 1 2924 3573 3574 AND
1 1 3574 3575 INV
2 1 3235 3338 3576 AND
2 1 2927 3570 3577 AND
1 1 3577 3578 INV
2 1 3575 3578 4244 AND
2 1 2904 3576 3579 AND
1 1 3579 3580 INV
2 1 2904 3576 4245 XOR
2 1 2906 3580 3581 AND
1 1 3581 3582 INV
2 1 2908 3577 3583 AND
1 1 3583 3584 INV
2 1 3582 3584 4246 AND
2 1 2903 3583 3585 AND
2 1 2903 3583 4247 XOR
2 1 2902 3585 4248 XOR
2 1 2910 3576 3586 AND
2 1 2915 3586 3587 AND
1 1 3587 3588 INV
2 1 2915 3586 4249 XOR
2 1 2913 3588 3589 AND
1 1 3589 3590 INV
2 1 2916 3586 3591 AND
1 1 3591 3592 INV
2 1 3590 3592 4250 AND
2 1 2900 3591 3593 AND
2 1 2900 3591 4251 XOR
2 1 2899 3593 4252 XOR
2 1 2918 3576 3594 AND
2 1 2890 3594 3595 AND
1 1 3595 3596 INV
2 1 2890 3594 4253 XOR
2 1 2888 3596 3597 AND
1 1 3597 3598 INV
2 1 2891 3594 3599 AND
1 1 3599 3600 INV
2 1 3598 3600 4254 AND
2 1 2886 3599 3601 AND
2 1 2886 3599 4255 XOR
2 1 2885 3601 4256 XOR
2 1 2893 3594 3602 AND
2 1 2878 3602 3603 AND
1 1 3603 3604 INV
2 1 2878 3602 4257 XOR
2 1 2876 3604 3605 AND
1 1 3605 3606 INV
2 1 2879 3602 3607 AND
1 1 3607 3608 INV
2 1 3606 3608 4258 AND
2 1 2871 3607 3609 AND
1 1 3609 3610 INV
2 1 2871 3607 4259 XOR
2 1 2869 3610 3611 AND
1 1 3611 3612 INV
2 1 3239 3338 3613 AND
1 1 3613 3614 INV
2 1 3325 3338 3615 AND
2 1 3612 3614 4260 AND
2 1 2852 3613 3616 AND
1 1 3616 3617 INV
2 1 2852 3613 4261 XOR
2 1 2851 3617 3618 AND
1 1 3618 3619 INV
2 1 2853 3615 3620 AND
1 1 3620 3621 INV
2 1 3619 3621 4262 AND
2 1 2854 3620 3622 AND
2 1 2854 3620 4263 XOR
2 1 2849 3622 4264 XOR
2 1 2856 3615 3623 AND
2 1 2843 3623 3624 AND
1 1 3624 3625 INV
2 1 2843 3623 4265 XOR
2 1 2845 3625 3626 AND
1 1 3626 3627 INV
2 1 2847 3623 3628 AND
1 1 3628 3629 INV
2 1 3627 3629 4266 AND
2 1 2842 3628 3630 AND
2 1 2842 3628 4267 XOR
2 1 2841 3630 4268 XOR
2 1 2859 3613 3631 AND
2 1 2832 3631 3632 AND
1 1 3632 3633 INV
2 1 2832 3631 4269 XOR
2 1 2834 3633 3634 AND
1 1 3634 3635 INV
2 1 2836 3631 3636 AND
1 1 3636 3637 INV
2 1 3635 3637 4270 AND
2 1 2837 3636 3638 AND
2 1 2837 3636 4271 XOR
2 1 2831 3638 4272 XOR
2 1 2839 3631 3639 AND
2 1 2825 3639 3640 AND
1 1 3640 3641 INV
2 1 2825 3639 4273 XOR
2 1 2827 3641 3642 AND
1 1 3642 3643 INV
2 1 2829 3639 3644 AND
1 1 3644 3645 INV
2 1 3643 3645 4274 AND
2 1 2824 3644 3646 AND
2 1 2824 3644 4275 XOR
2 1 2823 3646 4276 XOR
2 1 3240 3338 3647 AND
2 1 3276 3325 3648 AND
2 1 3338 3648 3649 AND
2 1 2806 3647 3650 AND
1 1 3650 3651 INV
2 1 2806 3647 4277 XOR
2 1 2808 3651 3652 AND
1 1 3652 3653 INV
2 1 2810 3649 3654 AND
1 1 3654 3655 INV
2 1 3653 3655 4278 AND
2 1 2811 3654 3656 AND
2 1 2811 3654 4279 XOR
2 1 2805 3656 4280 XOR
2 1 2813 3649 3657 AND
2 1 2814 3657 3658 AND
1 1 3658 3659 INV
2 1 2814 3657 4281 XOR
2 1 2816 3659 3660 AND
1 1 3660 3661 INV
2 1 2818 3657 3662 AND
1 1 3662 3663 INV
2 1 3661 3663 4282 AND
2 1 2803 3662 3664 AND
2 1 2803 3662 4283 XOR
2 1 2802 3664 4284 XOR
2 1 2821 3647 3665 AND
2 1 2794 3665 3666 AND
1 1 3666 3667 INV
2 1 2794 3665 4285 XOR
2 1 2796 3667 3668 AND
1 1 3668 3669 INV
2 1 2798 3665 3670 AND
1 1 3670 3671 INV
2 1 3669 3671 4286 AND
2 1 2793 3670 3672 AND
2 1 2793 3670 4287 XOR
2 1 2792 3672 4288 XOR
2 1 2800 3665 3673 AND
2 1 2788 3673 3674 AND
1 1 3674 3675 INV
2 1 2788 3673 4289 XOR
2 1 2786 3675 3676 AND
1 1 3676 3677 INV
2 1 2789 3673 3678 AND
1 1 3678 3679 INV
2 1 3677 3679 4290 AND
2 1 2790 3678 3680 AND
2 1 2790 3678 4291 XOR
2 1 2784 3680 4292 XOR
2 1 3245 3338 3681 AND
2 1 3281 3325 3682 AND
2 1 3338 3682 3683 AND
2 1 2763 3681 3684 AND
1 1 3684 3685 INV
2 1 2763 3683 4293 XOR
2 1 2765 3685 3686 AND
1 1 3686 3687 INV
2 1 2767 3683 3688 AND
1 1 3688 3689 INV
2 1 3687 3689 4294 AND
2 1 2768 3688 3690 AND
2 1 2768 3688 4295 XOR
2 1 2762 3690 4296 XOR
2 1 2770 3683 3691 AND
2 1 2771 3691 3692 AND
1 1 3692 3693 INV
2 1 2771 3691 4297 XOR
2 1 2773 3693 3694 AND
1 1 3694 3695 INV
2 1 2775 3691 3696 AND
1 1 3696 3697 INV
2 1 3695 3697 4298 AND
2 1 2760 3696 3698 AND
2 1 2760 3696 4299 XOR
2 1 2759 3698 4300 XOR
2 1 2778 3681 3699 AND
2 1 2752 3699 3700 AND
1 1 3700 3701 INV
2 1 2752 3699 4301 XOR
2 1 2754 3701 3702 AND
1 1 3702 3703 INV
2 1 2755 3699 3704 AND
1 1 3704 3705 INV
2 1 3703 3705 4302 AND
2 1 2751 3704 3706 AND
2 1 2751 3704 4303 XOR
2 1 2750 3706 4304 XOR
2 1 2757 3699 3707 AND
2 1 2747 3707 3708 AND
1 1 3708 3709 INV
2 1 2747 3707 4305 XOR
2 1 2745 3709 3710 AND
1 1 3710 3711 INV
2 1 2748 3707 3712 AND
1 1 3712 3713 INV
2 1 3711 3713 4306 AND
2 1 2742 3712 3714 AND
1 1 3714 3715 INV
2 1 2742 3712 4307 XOR
2 1 2740 3715 3716 AND
1 1 3716 3717 INV
2 1 3246 3338 3718 AND
1 1 3718 3719 INV
2 1 3717 3719 4308 AND
2 1 2720 3718 3720 AND
1 1 3720 3721 INV
2 1 2720 3718 4309 XOR
2 1 2722 3721 3722 AND
1 1 3722 3723 INV
2 1 2724 3718 3724 AND
1 1 3724 3725 INV
2 1 3723 3725 4310 AND
2 1 2719 3724 3726 AND
2 1 2719 3724 4311 XOR
2 1 2718 3726 4312 XOR
2 1 2726 3718 3727 AND
2 1 2731 3727 3728 AND
1 1 3728 3729 INV
2 1 2731 3727 4313 XOR
2 1 2729 3729 3730 AND
1 1 3730 3731 INV
2 1 2732 3727 3732 AND
1 1 3732 3733 INV
2 1 3731 3733 4314 AND
2 1 2716 3732 3734 AND
2 1 2716 3732 4315 XOR
2 1 2715 3734 4316 XOR
2 1 2734 3718 3735 AND
2 1 2706 3735 3736 AND
1 1 3736 3737 INV
2 1 2706 3735 4317 XOR
2 1 2704 3737 3738 AND
1 1 3738 3739 INV
2 1 2707 3735 3740 AND
1 1 3740 3741 INV
2 1 3739 3741 4318 AND
2 1 2702 3740 3742 AND
2 1 2702 3740 4319 XOR
2 1 2701 3742 4320 XOR
2 1 2709 3735 3743 AND
2 1 2694 3743 3744 AND
1 1 3744 3745 INV
2 1 2694 3743 4321 XOR
2 1 2692 3745 3746 AND
1 1 3746 3747 INV
2 1 2695 3743 3748 AND
1 1 3748 3749 INV
2 1 3747 3749 4322 AND
2 1 2687 3748 3750 AND
1 1 3750 3751 INV
2 1 2687 3748 4323 XOR
2 1 2685 3751 3752 AND
1 1 3752 3753 INV
2 1 3250 3338 3754 AND
1 1 3754 3755 INV
2 1 3753 3755 4324 AND
2 1 2661 3754 3756 AND
1 1 3756 3757 INV
2 1 2661 3754 4325 XOR
2 1 2663 3757 3758 AND
1 1 3758 3759 INV
2 1 2665 3754 3760 AND
1 1 3760 3761 INV
2 1 3759 3761 4326 AND
2 1 2660 3760 3762 AND
2 1 2660 3760 4327 XOR
2 1 2659 3762 4328 XOR
2 1 2667 3754 3763 AND
2 1 2672 3763 3764 AND
1 1 3764 3765 INV
2 1 2672 3763 4329 XOR
2 1 2670 3765 3766 AND
1 1 3766 3767 INV
2 1 2673 3763 3768 AND
1 1 3768 3769 INV
2 1 3767 3769 4330 AND
2 1 2657 3768 3770 AND
2 1 2657 3768 4331 XOR
2 1 2656 3770 4332 XOR
2 1 2675 3754 3771 AND
2 1 2647 3771 3772 AND
1 1 3772 3773 INV
2 1 2647 3771 4333 XOR
2 1 2645 3773 3774 AND
1 1 3774 3775 INV
2 1 2648 3771 3776 AND
1 1 3776 3777 INV
2 1 3775 3777 4334 AND
2 1 2643 3776 3778 AND
2 1 2643 3776 4335 XOR
2 1 2642 3778 4336 XOR
2 1 2650 3771 3779 AND
2 1 2635 3779 3780 AND
1 1 3780 3781 INV
2 1 2635 3779 4337 XOR
2 1 2633 3781 3782 AND
1 1 3782 3783 INV
2 1 2636 3779 3784 AND
1 1 3784 3785 INV
2 1 3783 3785 4338 AND
2 1 2628 3784 3786 AND
1 1 3786 3787 INV
2 1 2628 3784 4339 XOR
2 1 2626 3787 3788 AND
1 1 3788 3789 INV
2 1 3250 3253 3790 AND
2 1 3338 3790 3791 AND
1 1 3791 3792 INV
2 1 3789 3792 4340 AND
2 1 2609 3791 3793 AND
1 1 3793 3794 INV
2 1 2609 3791 4341 XOR
2 1 2607 3794 3795 AND
1 1 3795 3796 INV
2 1 2610 3791 3797 AND
1 1 3797 3798 INV
2 1 3796 3798 4342 AND
2 1 2603 3797 3799 AND
2 1 2603 3797 4343 XOR
2 1 2602 3799 4344 XOR
2 1 2612 3791 3800 AND
2 1 2595 3800 3801 AND
1 1 3801 3802 INV
2 1 2595 3800 4345 XOR
2 1 2593 3802 3803 AND
1 1 3803 3804 INV
2 1 2596 3800 3805 AND
1 1 3805 3806 INV
2 1 3804 3806 4346 AND
2 1 2613 3805 3807 AND
2 1 2613 3805 4347 XOR
2 1 2589 3807 4348 XOR
2 1 2616 3791 3808 AND
2 1 2569 3808 3809 AND
1 1 3809 3810 INV
2 1 2569 3808 4349 XOR
2 1 2567 3810 3811 AND
1 1 3811 3812 INV
2 1 2570 3808 3813 AND
1 1 3813 3814 INV
2 1 3812 3814 4350 AND
2 1 2563 3813 3815 AND
2 1 2563 3813 4351 XOR
2 1 2562 3815 4352 XOR
2 1 2572 3808 3816 AND
2 1 2578 3816 3817 AND
1 1 3817 3818 INV
2 1 2578 3816 4353 XOR
2 1 2576 3818 3819 AND
1 1 3819 3820 INV
2 1 2579 3816 3821 AND
1 1 3821 3822 INV
2 1 3820 3822 4354 AND
2 1 2553 3821 3823 AND
1 1 3823 3824 INV
2 1 2553 3821 4355 XOR
2 1 2551 3824 3825 AND
1 1 3825 3826 INV
2 1 3258 3338 3827 AND
2 1 3326 3336 3828 AND
2 1 3338 3828 3829 AND
1 1 3829 3830 INV
2 1 3826 3830 4356 AND
2 1 2504 3829 3831 AND
1 1 3831 3832 INV
2 1 2504 3829 4357 XOR
2 1 2502 3832 3833 AND
1 1 3833 3834 INV
2 1 2505 3829 3835 AND
1 1 3835 3836 INV
2 1 3834 3836 4358 AND
2 1 2498 3835 3837 AND
2 1 2498 3835 4359 XOR
2 1 2497 3837 4360 XOR
2 1 2507 3829 3838 AND
2 1 2513 3838 3839 AND
1 1 3839 3840 INV
2 1 2513 3838 4361 XOR
2 1 2511 3840 3841 AND
1 1 3841 3842 INV
2 1 2514 3838 3843 AND
1 1 3843 3844 INV
2 1 3842 3844 4362 AND
2 1 2515 3843 3845 AND
2 1 2515 3843 4363 XOR
2 1 2489 3845 4364 XOR
2 1 2518 3827 3846 AND
2 1 2534 3846 3847 AND
1 1 3847 3848 INV
2 1 2534 3846 4365 XOR
2 1 2532 3848 3849 AND
1 1 3849 3850 INV
2 1 2535 3846 3851 AND
1 1 3851 3852 INV
2 1 3850 3852 4366 AND
2 1 2528 3851 3853 AND
2 1 2528 3851 4367 XOR
2 1 2527 3853 4368 XOR
2 1 2537 3846 3854 AND
2 1 2478 3854 3855 AND
1 1 3855 3856 INV
2 1 2478 3854 4369 XOR
2 1 2476 3856 3857 AND
1 1 3857 3858 INV
2 1 2479 3854 3859 AND
1 1 3859 3860 INV
2 1 3858 3860 4370 AND
2 1 2471 3859 3861 AND
1 1 3861 3862 INV
2 1 2471 3859 4371 XOR
2 1 2469 3862 3863 AND
1 1 3863 3864 INV
2 1 3259 3338 3865 AND
1 1 3865 3866 INV
2 1 3864 3866 4372 AND
2 1 2416 3865 3867 AND
1 1 3867 3868 INV
2 1 2416 3865 4373 XOR
2 1 2414 3868 3869 AND
1 1 3869 3870 INV
2 1 2417 3865 3871 AND
1 1 3871 3872 INV
2 1 3870 3872 4374 AND
2 1 2410 3871 3873 AND
2 1 2410 3871 4375 XOR
2 1 2409 3873 4376 XOR
2 1 2419 3865 3874 AND
2 1 2427 3874 3875 AND
1 1 3875 3876 INV
2 1 2427 3874 4377 XOR
2 1 2425 3876 3877 AND
1 1 3877 3878 INV
2 1 2428 3874 3879 AND
1 1 3879 3880 INV
2 1 3878 3880 4378 AND
2 1 2420 3879 3881 AND
2 1 2420 3879 4379 XOR
2 1 2401 3881 4380 XOR
2 1 2430 3865 3882 AND
2 1 2445 3882 3883 AND
1 1 3883 3884 INV
2 1 2445 3882 4381 XOR
2 1 2443 3884 3885 AND
1 1 3885 3886 INV
2 1 2446 3882 3887 AND
1 1 3887 3888 INV
2 1 3886 3888 4382 AND
2 1 2439 3887 3889 AND
2 1 2439 3887 4383 XOR
2 1 2438 3889 4384 XOR
2 1 2448 3882 3890 AND
2 1 2454 3890 3891 AND
1 1 3891 3892 INV
2 1 2454 3890 4385 XOR
2 1 2452 3892 3893 AND
1 1 3893 3894 INV
2 1 2455 3890 3895 AND
1 1 3895 3896 INV
2 1 3894 3896 4386 AND
2 1 2388 3895 3897 AND
1 1 3897 3898 INV
2 1 2388 3895 4387 XOR
2 1 2386 3898 3899 AND
1 1 3899 3900 INV
2 1 3264 3900 4388 AND
2 1 4044 3338 3901 AND
2 1 4044 3338 4133 XOR
2 1 4043 3901 4134 XOR


