2049 2561
256 256 1

1 1 0 2074 INV
1 1 1 2075 INV
1 1 2 2076 INV
1 1 3 2077 INV
1 1 4 2078 INV
1 1 5 2079 INV
1 1 6 2080 INV
1 1 7 2081 INV
1 1 8 2082 INV
1 1 9 2083 INV
1 1 10 2084 INV
1 1 11 2085 INV
1 1 12 2086 INV
1 1 13 2087 INV
1 1 14 2088 INV
1 1 15 2089 INV
1 1 16 2090 INV
1 1 17 2091 INV
1 1 18 2092 INV
1 1 19 2093 INV
1 1 20 2094 INV
1 1 21 2095 INV
1 1 22 2096 INV
1 1 23 2097 INV
1 1 24 2098 INV
1 1 25 2099 INV
1 1 26 2100 INV
1 1 27 2101 INV
1 1 28 2102 INV
1 1 29 2103 INV
1 1 30 2104 INV
1 1 31 2105 INV
1 1 32 2106 INV
1 1 33 2107 INV
1 1 34 2108 INV
1 1 35 2109 INV
1 1 36 2110 INV
1 1 37 2111 INV
1 1 38 2112 INV
1 1 39 2113 INV
1 1 40 2114 INV
1 1 41 2115 INV
1 1 42 2116 INV
1 1 43 2117 INV
1 1 44 2118 INV
1 1 45 2119 INV
1 1 46 2120 INV
1 1 47 2121 INV
1 1 48 2122 INV
1 1 49 2123 INV
1 1 50 2124 INV
1 1 51 2125 INV
1 1 52 2126 INV
1 1 53 2127 INV
1 1 54 2128 INV
1 1 55 2129 INV
1 1 56 2130 INV
1 1 57 2131 INV
1 1 58 2132 INV
1 1 59 2133 INV
1 1 60 2134 INV
1 1 61 2135 INV
1 1 62 2136 INV
1 1 63 2137 INV
1 1 64 2138 INV
1 1 65 2139 INV
1 1 66 2140 INV
1 1 67 2141 INV
1 1 68 2142 INV
1 1 69 2143 INV
1 1 70 2144 INV
1 1 71 2145 INV
1 1 72 2146 INV
1 1 73 2147 INV
1 1 74 2148 INV
1 1 75 2149 INV
1 1 76 2150 INV
1 1 77 2151 INV
1 1 78 2152 INV
1 1 79 2153 INV
1 1 80 2154 INV
1 1 81 2155 INV
1 1 82 2156 INV
1 1 83 2157 INV
1 1 84 2158 INV
1 1 85 2159 INV
1 1 86 2160 INV
1 1 87 2161 INV
1 1 88 2162 INV
1 1 89 2163 INV
1 1 90 2164 INV
1 1 91 2165 INV
1 1 92 2166 INV
1 1 93 2167 INV
1 1 94 2168 INV
1 1 95 2169 INV
1 1 96 2170 INV
1 1 97 2171 INV
1 1 98 2172 INV
1 1 99 2173 INV
1 1 100 2174 INV
1 1 101 2175 INV
1 1 102 2176 INV
1 1 103 2177 INV
1 1 104 2178 INV
1 1 105 2179 INV
1 1 106 2180 INV
1 1 107 2181 INV
1 1 108 2182 INV
1 1 109 2183 INV
1 1 110 2184 INV
1 1 111 2185 INV
1 1 112 2186 INV
1 1 113 2187 INV
1 1 114 2188 INV
1 1 115 2189 INV
1 1 116 2190 INV
1 1 117 2191 INV
1 1 118 2192 INV
1 1 119 2193 INV
1 1 120 2194 INV
1 1 121 2195 INV
1 1 122 2196 INV
1 1 123 2197 INV
1 1 124 2198 INV
1 1 125 2199 INV
1 1 126 2200 INV
1 1 127 2201 INV
1 1 128 2202 INV
1 1 129 2203 INV
1 1 130 2204 INV
1 1 131 2205 INV
1 1 132 2206 INV
1 1 133 2207 INV
1 1 134 2208 INV
1 1 135 2209 INV
1 1 136 2210 INV
1 1 137 2211 INV
1 1 138 2212 INV
1 1 139 2213 INV
1 1 140 2214 INV
1 1 141 2215 INV
1 1 142 2216 INV
1 1 143 2217 INV
1 1 144 2218 INV
1 1 145 2219 INV
1 1 146 2220 INV
1 1 147 2221 INV
1 1 148 2222 INV
1 1 149 2223 INV
1 1 150 2224 INV
1 1 151 2225 INV
1 1 152 2226 INV
1 1 153 2227 INV
1 1 154 2228 INV
1 1 155 2229 INV
1 1 156 2230 INV
1 1 157 2231 INV
1 1 158 2232 INV
1 1 159 2233 INV
1 1 160 2234 INV
1 1 161 2235 INV
1 1 162 2236 INV
1 1 163 2237 INV
1 1 164 2238 INV
1 1 165 2239 INV
1 1 166 2240 INV
1 1 167 2241 INV
1 1 168 2242 INV
1 1 169 2243 INV
1 1 170 2244 INV
1 1 171 2245 INV
1 1 172 2246 INV
1 1 173 2247 INV
1 1 174 2248 INV
1 1 175 2249 INV
1 1 176 2250 INV
1 1 177 2251 INV
1 1 178 2252 INV
1 1 179 2253 INV
1 1 180 2254 INV
1 1 181 2255 INV
1 1 182 2256 INV
1 1 183 2257 INV
1 1 184 2258 INV
1 1 185 2259 INV
1 1 186 2260 INV
1 1 187 2261 INV
1 1 188 2262 INV
1 1 189 2263 INV
1 1 190 2264 INV
1 1 191 2265 INV
1 1 192 2266 INV
1 1 193 2267 INV
1 1 194 2268 INV
1 1 195 2269 INV
1 1 196 2270 INV
1 1 197 2271 INV
1 1 198 2272 INV
1 1 199 2273 INV
1 1 200 2274 INV
1 1 201 2275 INV
1 1 202 2276 INV
1 1 203 2277 INV
1 1 204 2278 INV
1 1 205 2279 INV
1 1 206 2280 INV
1 1 207 2281 INV
1 1 208 2282 INV
1 1 209 2283 INV
1 1 210 2284 INV
1 1 211 2285 INV
1 1 212 2286 INV
1 1 213 2287 INV
1 1 214 2288 INV
1 1 215 2289 INV
1 1 216 2290 INV
1 1 217 2291 INV
1 1 218 2292 INV
1 1 219 2293 INV
1 1 220 2294 INV
1 1 221 2295 INV
1 1 222 2296 INV
1 1 223 2297 INV
1 1 224 2298 INV
1 1 225 2299 INV
1 1 226 2300 INV
1 1 227 2301 INV
1 1 228 2302 INV
1 1 229 2303 INV
1 1 230 2304 INV
1 1 231 2305 INV
1 1 232 2306 INV
1 1 233 2307 INV
1 1 234 2308 INV
1 1 235 2309 INV
1 1 236 2310 INV
1 1 237 2311 INV
1 1 238 2312 INV
1 1 239 2313 INV
1 1 240 2314 INV
1 1 241 2315 INV
1 1 242 2316 INV
1 1 243 2317 INV
1 1 244 2318 INV
1 1 245 2319 INV
1 1 246 2320 INV
1 1 247 2321 INV
1 1 248 2322 INV
1 1 249 2323 INV
1 1 250 2324 INV
1 1 251 2325 INV
1 1 252 2326 INV
1 1 253 2327 INV
1 1 254 2328 INV
1 1 255 2329 INV
1 1 256 2330 INV
2 1 2320 502 2331 AND
2 1 2321 503 2332 AND
1 1 2332 2333 INV
2 1 2321 503 2334 XOR
2 1 2320 502 2335 XOR
2 1 2334 2335 2336 AND
2 1 2315 497 2337 AND
1 1 2337 2338 INV
2 1 2315 497 2339 XOR
2 1 2314 496 2340 AND
2 1 2314 496 2341 XOR
2 1 2339 2341 2342 AND
2 1 2319 501 2343 AND
1 1 2343 2344 INV
2 1 2319 501 2345 XOR
2 1 2318 500 2346 AND
2 1 2318 500 2347 XOR
2 1 2345 2347 2348 AND
2 1 2316 498 2349 AND
2 1 2317 499 2350 AND
1 1 2350 2351 INV
2 1 2317 499 2352 XOR
2 1 2316 498 2353 XOR
2 1 2352 2353 2354 AND
2 1 2336 2348 2355 AND
2 1 2342 2354 2356 AND
2 1 2355 2356 2357 AND
2 1 2305 487 2358 AND
1 1 2358 2359 INV
2 1 2305 487 2360 XOR
2 1 2304 486 2361 AND
2 1 2304 486 2362 XOR
2 1 2360 2362 2363 AND
2 1 2303 485 2364 AND
1 1 2364 2365 INV
2 1 2303 485 2366 XOR
2 1 2302 484 2367 AND
2 1 2302 484 2368 XOR
2 1 2366 2368 2369 AND
2 1 2363 2369 2370 AND
2 1 2301 483 2371 AND
1 1 2371 2372 INV
2 1 2301 483 2373 XOR
2 1 2300 482 2374 AND
2 1 2300 482 2375 XOR
2 1 2373 2375 2376 AND
2 1 2299 481 2377 AND
1 1 2377 2378 INV
2 1 2299 481 2379 XOR
2 1 2298 480 2380 AND
2 1 2298 480 2381 XOR
2 1 2379 2381 2382 AND
2 1 2376 2382 2383 AND
2 1 2370 2383 2384 AND
2 1 2357 2384 2385 AND
2 1 2313 495 2386 AND
1 1 2386 2387 INV
2 1 2313 495 2388 XOR
2 1 2312 494 2389 AND
2 1 2312 494 2390 XOR
2 1 2388 2390 2391 AND
2 1 2311 493 2392 AND
1 1 2392 2393 INV
2 1 2311 493 2394 XOR
2 1 2310 492 2395 AND
2 1 2310 492 2396 XOR
2 1 2394 2396 2397 AND
2 1 2391 2397 2398 AND
2 1 2309 491 2399 AND
1 1 2399 2400 INV
2 1 2309 491 2401 XOR
2 1 2308 490 2402 AND
2 1 2308 490 2403 XOR
2 1 2401 2403 2404 AND
2 1 2306 488 2405 AND
2 1 2306 488 2406 XOR
2 1 2307 489 2407 AND
1 1 2407 2408 INV
2 1 2307 489 2409 XOR
2 1 2406 2409 2410 AND
2 1 2404 2410 2411 AND
2 1 2398 2411 2412 AND
2 1 2328 510 2413 AND
2 1 2323 505 2414 AND
1 1 2414 2415 INV
2 1 2323 505 2416 XOR
2 1 2322 504 2417 AND
2 1 2329 511 2418 AND
1 1 2418 2419 INV
2 1 2324 506 2420 AND
2 1 2325 507 2421 AND
1 1 2421 2422 INV
2 1 2325 507 2423 XOR
2 1 2324 506 2424 XOR
2 1 2423 2424 2425 AND
2 1 2327 509 2426 AND
1 1 2426 2427 INV
2 1 2327 509 2428 XOR
2 1 2326 508 2429 AND
2 1 2326 508 2430 XOR
2 1 2428 2430 2431 AND
2 1 2329 511 2432 XOR
2 1 2328 510 2433 XOR
2 1 2432 2433 2434 AND
2 1 2431 2434 2435 AND
2 1 2322 504 2436 XOR
2 1 2416 2436 2437 AND
2 1 2425 2437 2438 AND
2 1 2435 2438 2439 AND
2 1 2412 2439 2440 AND
2 1 2385 2440 2441 AND
2 1 2289 471 2442 AND
1 1 2442 2443 INV
2 1 2289 471 2444 XOR
2 1 2288 470 2445 AND
2 1 2288 470 2446 XOR
2 1 2444 2446 2447 AND
2 1 2287 469 2448 AND
1 1 2448 2449 INV
2 1 2287 469 2450 XOR
2 1 2286 468 2451 AND
2 1 2286 468 2452 XOR
2 1 2450 2452 2453 AND
2 1 2447 2453 2454 AND
2 1 2285 467 2455 AND
1 1 2455 2456 INV
2 1 2285 467 2457 XOR
2 1 2284 466 2458 AND
2 1 2284 466 2459 XOR
2 1 2457 2459 2460 AND
2 1 2283 465 2461 AND
1 1 2461 2462 INV
2 1 2283 465 2463 XOR
2 1 2282 464 2464 AND
2 1 2282 464 2465 XOR
2 1 2463 2465 2466 AND
2 1 2460 2466 2467 AND
2 1 2454 2467 2468 AND
2 1 2273 455 2469 AND
1 1 2469 2470 INV
2 1 2273 455 2471 XOR
2 1 2272 454 2472 AND
2 1 2272 454 2473 XOR
2 1 2471 2473 2474 AND
2 1 2271 453 2475 AND
1 1 2475 2476 INV
2 1 2271 453 2477 XOR
2 1 2270 452 2478 AND
2 1 2270 452 2479 XOR
2 1 2477 2479 2480 AND
2 1 2474 2480 2481 AND
2 1 2269 451 2482 AND
1 1 2482 2483 INV
2 1 2269 451 2484 XOR
2 1 2268 450 2485 AND
2 1 2268 450 2486 XOR
2 1 2484 2486 2487 AND
2 1 2267 449 2488 AND
1 1 2488 2489 INV
2 1 2267 449 2490 XOR
2 1 2266 448 2491 AND
2 1 2266 448 2492 XOR
2 1 2490 2492 2493 AND
2 1 2487 2493 2494 AND
2 1 2481 2494 2495 AND
2 1 2468 2495 2496 AND
2 1 2296 478 2497 AND
2 1 2297 479 2498 AND
1 1 2498 2499 INV
2 1 2297 479 2500 XOR
2 1 2296 478 2501 XOR
2 1 2500 2501 2502 AND
2 1 2290 472 2503 AND
2 1 2290 472 2504 XOR
2 1 2291 473 2505 AND
1 1 2505 2506 INV
2 1 2291 473 2507 XOR
2 1 2504 2507 2508 AND
2 1 2292 474 2509 AND
2 1 2293 475 2510 AND
1 1 2510 2511 INV
2 1 2293 475 2512 XOR
2 1 2292 474 2513 XOR
2 1 2512 2513 2514 AND
2 1 2295 477 2515 AND
1 1 2515 2516 INV
2 1 2295 477 2517 XOR
2 1 2294 476 2518 AND
2 1 2294 476 2519 XOR
2 1 2517 2519 2520 AND
2 1 2502 2520 2521 AND
2 1 2508 2514 2522 AND
2 1 2521 2522 2523 AND
2 1 2281 463 2524 AND
1 1 2524 2525 INV
2 1 2281 463 2526 XOR
2 1 2280 462 2527 AND
2 1 2280 462 2528 XOR
2 1 2526 2528 2529 AND
2 1 2279 461 2530 AND
1 1 2530 2531 INV
2 1 2279 461 2532 XOR
2 1 2278 460 2533 AND
2 1 2278 460 2534 XOR
2 1 2532 2534 2535 AND
2 1 2529 2535 2536 AND
2 1 2277 459 2537 AND
1 1 2537 2538 INV
2 1 2277 459 2539 XOR
2 1 2276 458 2540 AND
2 1 2276 458 2541 XOR
2 1 2539 2541 2542 AND
2 1 2274 456 2543 AND
2 1 2274 456 2544 XOR
2 1 2275 457 2545 AND
1 1 2545 2546 INV
2 1 2275 457 2547 XOR
2 1 2544 2547 2548 AND
2 1 2542 2548 2549 AND
2 1 2536 2549 2550 AND
2 1 2523 2550 2551 AND
2 1 2496 2551 2552 AND
2 1 2441 2552 2553 AND
2 1 2257 439 2554 AND
1 1 2554 2555 INV
2 1 2257 439 2556 XOR
2 1 2256 438 2557 AND
2 1 2256 438 2558 XOR
2 1 2556 2558 2559 AND
2 1 2255 437 512 AND
1 1 512 513 INV
2 1 2255 437 514 XOR
2 1 2254 436 515 AND
2 1 2254 436 516 XOR
2 1 514 516 517 AND
2 1 2559 517 518 AND
2 1 2253 435 519 AND
1 1 519 520 INV
2 1 2253 435 521 XOR
2 1 2252 434 522 AND
2 1 2252 434 523 XOR
2 1 521 523 524 AND
2 1 2251 433 525 AND
1 1 525 526 INV
2 1 2251 433 527 XOR
2 1 2250 432 528 AND
2 1 2250 432 529 XOR
2 1 527 529 530 AND
2 1 524 530 531 AND
2 1 518 531 532 AND
2 1 2241 423 533 AND
1 1 533 534 INV
2 1 2241 423 535 XOR
2 1 2240 422 536 AND
2 1 2240 422 537 XOR
2 1 535 537 538 AND
2 1 2239 421 539 AND
1 1 539 540 INV
2 1 2239 421 541 XOR
2 1 2238 420 542 AND
2 1 2238 420 543 XOR
2 1 541 543 544 AND
2 1 538 544 545 AND
2 1 2237 419 546 AND
1 1 546 547 INV
2 1 2237 419 548 XOR
2 1 2236 418 549 AND
2 1 2236 418 550 XOR
2 1 548 550 551 AND
2 1 2235 417 552 AND
1 1 552 553 INV
2 1 2235 417 554 XOR
2 1 2234 416 555 AND
2 1 2234 416 556 XOR
2 1 554 556 557 AND
2 1 551 557 558 AND
2 1 545 558 559 AND
2 1 532 559 560 AND
2 1 2249 431 561 AND
1 1 561 562 INV
2 1 2249 431 563 XOR
2 1 2248 430 564 AND
2 1 2248 430 565 XOR
2 1 563 565 566 AND
2 1 2247 429 567 AND
1 1 567 568 INV
2 1 2247 429 569 XOR
2 1 2246 428 570 AND
2 1 2246 428 571 XOR
2 1 569 571 572 AND
2 1 566 572 573 AND
2 1 2245 427 574 AND
1 1 574 575 INV
2 1 2245 427 576 XOR
2 1 2244 426 577 AND
2 1 2244 426 578 XOR
2 1 576 578 579 AND
2 1 2242 424 580 AND
2 1 2242 424 581 XOR
2 1 2243 425 582 AND
1 1 582 583 INV
2 1 2243 425 584 XOR
2 1 581 584 585 AND
2 1 579 585 586 AND
2 1 573 586 587 AND
2 1 2264 446 588 AND
2 1 2265 447 589 AND
1 1 589 590 INV
2 1 2265 447 591 XOR
2 1 2264 446 592 XOR
2 1 591 592 593 AND
2 1 2258 440 594 AND
2 1 2258 440 595 XOR
2 1 2259 441 596 AND
1 1 596 597 INV
2 1 2259 441 598 XOR
2 1 595 598 599 AND
2 1 2260 442 600 AND
2 1 2261 443 601 AND
1 1 601 602 INV
2 1 2261 443 603 XOR
2 1 2260 442 604 XOR
2 1 603 604 605 AND
2 1 2263 445 606 AND
1 1 606 607 INV
2 1 2263 445 608 XOR
2 1 2262 444 609 AND
2 1 2262 444 610 XOR
2 1 608 610 611 AND
2 1 593 611 612 AND
2 1 599 605 613 AND
2 1 612 613 614 AND
2 1 587 614 615 AND
2 1 560 615 616 AND
2 1 2232 414 617 AND
2 1 2233 415 618 AND
1 1 618 619 INV
2 1 2233 415 620 XOR
2 1 2232 414 621 XOR
2 1 620 621 622 AND
2 1 2226 408 623 AND
2 1 2226 408 624 XOR
2 1 2227 409 625 AND
1 1 625 626 INV
2 1 2227 409 627 XOR
2 1 624 627 628 AND
2 1 2228 410 629 AND
2 1 2229 411 630 AND
1 1 630 631 INV
2 1 2229 411 632 XOR
2 1 2228 410 633 XOR
2 1 632 633 634 AND
2 1 2231 413 635 AND
1 1 635 636 INV
2 1 2231 413 637 XOR
2 1 2230 412 638 AND
2 1 2230 412 639 XOR
2 1 637 639 640 AND
2 1 622 640 641 AND
2 1 628 634 642 AND
2 1 641 642 643 AND
2 1 2209 391 644 AND
1 1 644 645 INV
2 1 2209 391 646 XOR
2 1 2208 390 647 AND
2 1 2208 390 648 XOR
2 1 646 648 649 AND
2 1 2207 389 650 AND
1 1 650 651 INV
2 1 2207 389 652 XOR
2 1 2206 388 653 AND
2 1 2206 388 654 XOR
2 1 652 654 655 AND
2 1 649 655 656 AND
2 1 2205 387 657 AND
1 1 657 658 INV
2 1 2205 387 659 XOR
2 1 2204 386 660 AND
2 1 2204 386 661 XOR
2 1 659 661 662 AND
2 1 2203 385 663 AND
1 1 663 664 INV
2 1 2203 385 665 XOR
2 1 2202 384 666 AND
2 1 2202 384 667 XOR
2 1 665 667 668 AND
2 1 662 668 669 AND
2 1 656 669 670 AND
2 1 643 670 671 AND
2 1 2225 407 672 AND
1 1 672 673 INV
2 1 2225 407 674 XOR
2 1 2224 406 675 AND
2 1 2224 406 676 XOR
2 1 674 676 677 AND
2 1 2223 405 678 AND
1 1 678 679 INV
2 1 2223 405 680 XOR
2 1 2222 404 681 AND
2 1 2222 404 682 XOR
2 1 680 682 683 AND
2 1 677 683 684 AND
2 1 2221 403 685 AND
1 1 685 686 INV
2 1 2221 403 687 XOR
2 1 2220 402 688 AND
2 1 2220 402 689 XOR
2 1 687 689 690 AND
2 1 2219 401 691 AND
1 1 691 692 INV
2 1 2219 401 693 XOR
2 1 2218 400 694 AND
2 1 2218 400 695 XOR
2 1 693 695 696 AND
2 1 690 696 697 AND
2 1 684 697 698 AND
2 1 2217 399 699 AND
1 1 699 700 INV
2 1 2217 399 701 XOR
2 1 2216 398 702 AND
2 1 2216 398 703 XOR
2 1 701 703 704 AND
2 1 2215 397 705 AND
1 1 705 706 INV
2 1 2215 397 707 XOR
2 1 2214 396 708 AND
2 1 2214 396 709 XOR
2 1 707 709 710 AND
2 1 704 710 711 AND
2 1 2213 395 712 AND
1 1 712 713 INV
2 1 2213 395 714 XOR
2 1 2212 394 715 AND
2 1 2212 394 716 XOR
2 1 714 716 717 AND
2 1 2210 392 718 AND
2 1 2210 392 719 XOR
2 1 2211 393 720 AND
1 1 720 721 INV
2 1 2211 393 722 XOR
2 1 719 722 723 AND
2 1 717 723 724 AND
2 1 711 724 725 AND
2 1 698 725 726 AND
2 1 671 726 727 AND
2 1 616 727 728 AND
2 1 2553 728 729 AND
2 1 2193 375 730 AND
1 1 730 731 INV
2 1 2193 375 732 XOR
2 1 2192 374 733 AND
2 1 2192 374 734 XOR
2 1 732 734 735 AND
2 1 2191 373 736 AND
1 1 736 737 INV
2 1 2191 373 738 XOR
2 1 2190 372 739 AND
2 1 2190 372 740 XOR
2 1 738 740 741 AND
2 1 735 741 742 AND
2 1 2189 371 743 AND
1 1 743 744 INV
2 1 2189 371 745 XOR
2 1 2188 370 746 AND
2 1 2188 370 747 XOR
2 1 745 747 748 AND
2 1 2187 369 749 AND
1 1 749 750 INV
2 1 2187 369 751 XOR
2 1 2186 368 752 AND
2 1 2186 368 753 XOR
2 1 751 753 754 AND
2 1 748 754 755 AND
2 1 742 755 756 AND
2 1 2177 359 757 AND
1 1 757 758 INV
2 1 2177 359 759 XOR
2 1 2176 358 760 AND
2 1 2176 358 761 XOR
2 1 759 761 762 AND
2 1 2175 357 763 AND
1 1 763 764 INV
2 1 2175 357 765 XOR
2 1 2174 356 766 AND
2 1 2174 356 767 XOR
2 1 765 767 768 AND
2 1 762 768 769 AND
2 1 2173 355 770 AND
1 1 770 771 INV
2 1 2173 355 772 XOR
2 1 2172 354 773 AND
2 1 2172 354 774 XOR
2 1 772 774 775 AND
2 1 2171 353 776 AND
1 1 776 777 INV
2 1 2171 353 778 XOR
2 1 2170 352 779 AND
2 1 2170 352 780 XOR
2 1 778 780 781 AND
2 1 775 781 782 AND
2 1 769 782 783 AND
2 1 756 783 784 AND
2 1 2185 367 785 AND
1 1 785 786 INV
2 1 2185 367 787 XOR
2 1 2184 366 788 AND
2 1 2184 366 789 XOR
2 1 787 789 790 AND
2 1 2183 365 791 AND
1 1 791 792 INV
2 1 2183 365 793 XOR
2 1 2182 364 794 AND
2 1 2182 364 795 XOR
2 1 793 795 796 AND
2 1 790 796 797 AND
2 1 2181 363 798 AND
1 1 798 799 INV
2 1 2181 363 800 XOR
2 1 2180 362 801 AND
2 1 2180 362 802 XOR
2 1 800 802 803 AND
2 1 2178 360 804 AND
2 1 2178 360 805 XOR
2 1 2179 361 806 AND
1 1 806 807 INV
2 1 2179 361 808 XOR
2 1 805 808 809 AND
2 1 803 809 810 AND
2 1 797 810 811 AND
2 1 2200 382 812 AND
2 1 2195 377 813 AND
1 1 813 814 INV
2 1 2195 377 815 XOR
2 1 2194 376 816 AND
2 1 2201 383 817 AND
1 1 817 818 INV
2 1 2196 378 819 AND
2 1 2197 379 820 AND
1 1 820 821 INV
2 1 2197 379 822 XOR
2 1 2196 378 823 XOR
2 1 822 823 824 AND
2 1 2199 381 825 AND
1 1 825 826 INV
2 1 2199 381 827 XOR
2 1 2198 380 828 AND
2 1 2198 380 829 XOR
2 1 827 829 830 AND
2 1 2201 383 831 XOR
2 1 2200 382 832 XOR
2 1 831 832 833 AND
2 1 830 833 834 AND
2 1 2194 376 835 XOR
2 1 815 835 836 AND
2 1 824 836 837 AND
2 1 834 837 838 AND
2 1 811 838 839 AND
2 1 784 839 840 AND
2 1 2161 343 841 AND
1 1 841 842 INV
2 1 2161 343 843 XOR
2 1 2160 342 844 AND
2 1 2160 342 845 XOR
2 1 843 845 846 AND
2 1 2159 341 847 AND
1 1 847 848 INV
2 1 2159 341 849 XOR
2 1 2158 340 850 AND
2 1 2158 340 851 XOR
2 1 849 851 852 AND
2 1 846 852 853 AND
2 1 2157 339 854 AND
1 1 854 855 INV
2 1 2157 339 856 XOR
2 1 2156 338 857 AND
2 1 2156 338 858 XOR
2 1 856 858 859 AND
2 1 2155 337 860 AND
1 1 860 861 INV
2 1 2155 337 862 XOR
2 1 2154 336 863 AND
2 1 2154 336 864 XOR
2 1 862 864 865 AND
2 1 859 865 866 AND
2 1 853 866 867 AND
2 1 2145 327 868 AND
1 1 868 869 INV
2 1 2145 327 870 XOR
2 1 2144 326 871 AND
2 1 2144 326 872 XOR
2 1 870 872 873 AND
2 1 2143 325 874 AND
1 1 874 875 INV
2 1 2143 325 876 XOR
2 1 2142 324 877 AND
2 1 2142 324 878 XOR
2 1 876 878 879 AND
2 1 873 879 880 AND
2 1 2141 323 881 AND
1 1 881 882 INV
2 1 2141 323 883 XOR
2 1 2140 322 884 AND
2 1 2140 322 885 XOR
2 1 883 885 886 AND
2 1 2139 321 887 AND
1 1 887 888 INV
2 1 2139 321 889 XOR
2 1 2138 320 890 AND
2 1 2138 320 891 XOR
2 1 889 891 892 AND
2 1 886 892 893 AND
2 1 880 893 894 AND
2 1 867 894 895 AND
2 1 2153 335 896 AND
1 1 896 897 INV
2 1 2153 335 898 XOR
2 1 2152 334 899 AND
2 1 2152 334 900 XOR
2 1 898 900 901 AND
2 1 2151 333 902 AND
1 1 902 903 INV
2 1 2151 333 904 XOR
2 1 2150 332 905 AND
2 1 2150 332 906 XOR
2 1 904 906 907 AND
2 1 901 907 908 AND
2 1 2149 331 909 AND
1 1 909 910 INV
2 1 2149 331 911 XOR
2 1 2148 330 912 AND
2 1 2148 330 913 XOR
2 1 911 913 914 AND
2 1 2146 328 915 AND
2 1 2146 328 916 XOR
2 1 2147 329 917 AND
1 1 917 918 INV
2 1 2147 329 919 XOR
2 1 916 919 920 AND
2 1 914 920 921 AND
2 1 908 921 922 AND
2 1 2168 350 923 AND
2 1 2169 351 924 AND
1 1 924 925 INV
2 1 2169 351 926 XOR
2 1 2168 350 927 XOR
2 1 926 927 928 AND
2 1 2162 344 929 AND
2 1 2162 344 930 XOR
2 1 2163 345 931 AND
1 1 931 932 INV
2 1 2163 345 933 XOR
2 1 930 933 934 AND
2 1 2164 346 935 AND
2 1 2165 347 936 AND
1 1 936 937 INV
2 1 2165 347 938 XOR
2 1 2164 346 939 XOR
2 1 938 939 940 AND
2 1 2167 349 941 AND
1 1 941 942 INV
2 1 2167 349 943 XOR
2 1 2166 348 944 AND
2 1 2166 348 945 XOR
2 1 943 945 946 AND
2 1 928 946 947 AND
2 1 934 940 948 AND
2 1 947 948 949 AND
2 1 922 949 950 AND
2 1 895 950 951 AND
2 1 840 951 952 AND
2 1 2129 311 953 AND
1 1 953 954 INV
2 1 2129 311 955 XOR
2 1 2128 310 956 AND
2 1 2128 310 957 XOR
2 1 955 957 958 AND
2 1 2127 309 959 AND
1 1 959 960 INV
2 1 2127 309 961 XOR
2 1 2126 308 962 AND
2 1 2126 308 963 XOR
2 1 961 963 964 AND
2 1 958 964 965 AND
2 1 2125 307 966 AND
1 1 966 967 INV
2 1 2125 307 968 XOR
2 1 2124 306 969 AND
2 1 2124 306 970 XOR
2 1 968 970 971 AND
2 1 2123 305 972 AND
1 1 972 973 INV
2 1 2123 305 974 XOR
2 1 2122 304 975 AND
2 1 2122 304 976 XOR
2 1 974 976 977 AND
2 1 971 977 978 AND
2 1 965 978 979 AND
2 1 2113 295 980 AND
1 1 980 981 INV
2 1 2113 295 982 XOR
2 1 2112 294 983 AND
2 1 2112 294 984 XOR
2 1 982 984 985 AND
2 1 2111 293 986 AND
1 1 986 987 INV
2 1 2111 293 988 XOR
2 1 2110 292 989 AND
2 1 2110 292 990 XOR
2 1 988 990 991 AND
2 1 985 991 992 AND
2 1 2109 291 993 AND
1 1 993 994 INV
2 1 2109 291 995 XOR
2 1 2108 290 996 AND
2 1 2108 290 997 XOR
2 1 995 997 998 AND
2 1 2107 289 999 AND
1 1 999 1000 INV
2 1 2107 289 1001 XOR
2 1 2106 288 1002 AND
2 1 2106 288 1003 XOR
2 1 1001 1003 1004 AND
2 1 998 1004 1005 AND
2 1 992 1005 1006 AND
2 1 979 1006 1007 AND
2 1 2121 303 1008 AND
1 1 1008 1009 INV
2 1 2121 303 1010 XOR
2 1 2120 302 1011 AND
2 1 2120 302 1012 XOR
2 1 1010 1012 1013 AND
2 1 2119 301 1014 AND
1 1 1014 1015 INV
2 1 2119 301 1016 XOR
2 1 2118 300 1017 AND
2 1 2118 300 1018 XOR
2 1 1016 1018 1019 AND
2 1 1013 1019 1020 AND
2 1 2117 299 1021 AND
1 1 1021 1022 INV
2 1 2117 299 1023 XOR
2 1 2116 298 1024 AND
2 1 2116 298 1025 XOR
2 1 1023 1025 1026 AND
2 1 2114 296 1027 AND
2 1 2114 296 1028 XOR
2 1 2115 297 1029 AND
1 1 1029 1030 INV
2 1 2115 297 1031 XOR
2 1 1028 1031 1032 AND
2 1 1026 1032 1033 AND
2 1 1020 1033 1034 AND
2 1 2136 318 1035 AND
2 1 2131 313 1036 AND
1 1 1036 1037 INV
2 1 2131 313 1038 XOR
2 1 2130 312 1039 AND
2 1 2137 319 1040 AND
1 1 1040 1041 INV
2 1 2132 314 1042 AND
2 1 2133 315 1043 AND
1 1 1043 1044 INV
2 1 2133 315 1045 XOR
2 1 2132 314 1046 XOR
2 1 1045 1046 1047 AND
2 1 2135 317 1048 AND
1 1 1048 1049 INV
2 1 2135 317 1050 XOR
2 1 2134 316 1051 AND
2 1 2134 316 1052 XOR
2 1 1050 1052 1053 AND
2 1 2137 319 1054 XOR
2 1 2136 318 1055 XOR
2 1 1054 1055 1056 AND
2 1 1053 1056 1057 AND
2 1 2130 312 1058 XOR
2 1 1038 1058 1059 AND
2 1 1047 1059 1060 AND
2 1 1057 1060 1061 AND
2 1 1034 1061 1062 AND
2 1 1007 1062 1063 AND
2 1 2105 287 1064 AND
1 1 1064 1065 INV
2 1 2105 287 1066 XOR
2 1 2104 286 1067 AND
2 1 2104 286 1068 XOR
2 1 1066 1068 1069 AND
2 1 2103 285 1070 AND
1 1 1070 1071 INV
2 1 2103 285 1072 XOR
2 1 2102 284 1073 AND
2 1 2102 284 1074 XOR
2 1 1072 1074 1075 AND
2 1 1069 1075 1076 AND
2 1 2101 283 1077 AND
1 1 1077 1078 INV
2 1 2101 283 1079 XOR
2 1 2100 282 1080 AND
2 1 2100 282 1081 XOR
2 1 1079 1081 1082 AND
2 1 2098 280 1083 AND
2 1 2098 280 1084 XOR
2 1 2099 281 1085 AND
1 1 1085 1086 INV
2 1 2099 281 1087 XOR
2 1 1084 1087 1088 AND
2 1 1082 1088 1089 AND
2 1 1076 1089 1090 AND
2 1 2097 279 1091 AND
1 1 1091 1092 INV
2 1 2097 279 1093 XOR
2 1 2096 278 1094 AND
2 1 2096 278 1095 XOR
2 1 1093 1095 1096 AND
2 1 2095 277 1097 AND
1 1 1097 1098 INV
2 1 2095 277 1099 XOR
2 1 2094 276 1100 AND
2 1 2094 276 1101 XOR
2 1 1099 1101 1102 AND
2 1 1096 1102 1103 AND
2 1 2093 275 1104 AND
1 1 1104 1105 INV
2 1 2093 275 1106 XOR
2 1 2092 274 1107 AND
2 1 2092 274 1108 XOR
2 1 1106 1108 1109 AND
2 1 2091 273 1110 AND
1 1 1110 1111 INV
2 1 2091 273 1112 XOR
2 1 2090 272 1113 AND
2 1 2090 272 1114 XOR
2 1 1112 1114 1115 AND
2 1 1109 1115 1116 AND
2 1 1103 1116 1117 AND
2 1 2089 271 1118 AND
1 1 1118 1119 INV
2 1 2089 271 1120 XOR
2 1 2088 270 1121 AND
2 1 2088 270 1122 XOR
2 1 1120 1122 1123 AND
2 1 2087 269 1124 AND
1 1 1124 1125 INV
2 1 2087 269 1126 XOR
2 1 2086 268 1127 AND
2 1 2086 268 1128 XOR
2 1 1126 1128 1129 AND
2 1 1123 1129 1130 AND
2 1 2085 267 1131 AND
1 1 1131 1132 INV
2 1 2085 267 1133 XOR
2 1 2084 266 1134 AND
2 1 2084 266 1135 XOR
2 1 1133 1135 1136 AND
2 1 2082 264 1137 AND
2 1 2082 264 1138 XOR
2 1 2083 265 1139 AND
1 1 1139 1140 INV
2 1 2083 265 1141 XOR
2 1 1138 1141 1142 AND
2 1 1136 1142 1143 AND
2 1 1130 1143 1144 AND
2 1 2081 263 1145 AND
1 1 1145 1146 INV
2 1 2081 263 1147 XOR
2 1 2080 262 1148 AND
2 1 2080 262 1149 XOR
2 1 1147 1149 1150 AND
2 1 2079 261 1151 AND
1 1 1151 1152 INV
2 1 2079 261 1153 XOR
2 1 2078 260 1154 AND
2 1 2078 260 1155 XOR
2 1 1153 1155 1156 AND
2 1 1150 1156 1157 AND
2 1 2077 259 1158 AND
1 1 1158 1159 INV
2 1 2077 259 1160 XOR
2 1 2076 258 1161 AND
2 1 2076 258 1162 XOR
2 1 1160 1162 1163 AND
2 1 2075 257 1164 AND
1 1 1164 1165 INV
2 1 0 2330 1166 AND
1 1 1166 1167 INV
2 1 2075 257 1168 XOR
2 1 1167 1168 1169 AND
1 1 1169 1170 INV
2 1 1165 1170 1171 AND
1 1 1171 1172 INV
2 1 1163 1172 1173 AND
1 1 1173 1174 INV
2 1 1160 1161 1175 AND
1 1 1175 1176 INV
2 1 1159 1176 1177 AND
2 1 1174 1177 1178 AND
1 1 1178 1179 INV
2 1 1157 1179 1180 AND
1 1 1180 1181 INV
2 1 1153 1154 1182 AND
1 1 1182 1183 INV
2 1 1152 1183 1184 AND
1 1 1184 1185 INV
2 1 1150 1185 1186 AND
1 1 1186 1187 INV
2 1 1147 1148 1188 AND
1 1 1188 1189 INV
2 1 1146 1189 1190 AND
2 1 1187 1190 1191 AND
2 1 1181 1191 1192 AND
1 1 1192 1193 INV
2 1 1144 1193 1194 AND
1 1 1194 1195 INV
2 1 1126 1127 1196 AND
1 1 1196 1197 INV
2 1 1125 1197 1198 AND
1 1 1198 1199 INV
2 1 1123 1199 1200 AND
1 1 1200 1201 INV
2 1 1120 1121 1202 AND
1 1 1202 1203 INV
2 1 1119 1203 1204 AND
2 1 1201 1204 1205 AND
2 1 1137 1141 1206 AND
1 1 1206 1207 INV
2 1 1140 1207 1208 AND
1 1 1208 1209 INV
2 1 1136 1209 1210 AND
1 1 1210 1211 INV
2 1 1133 1134 1212 AND
1 1 1212 1213 INV
2 1 1132 1213 1214 AND
2 1 1211 1214 1215 AND
1 1 1215 1216 INV
2 1 1130 1216 1217 AND
1 1 1217 1218 INV
2 1 1205 1218 1219 AND
2 1 1195 1219 1220 AND
1 1 1220 1221 INV
2 1 1117 1221 1222 AND
1 1 1222 1223 INV
2 1 1112 1113 1224 AND
1 1 1224 1225 INV
2 1 1111 1225 1226 AND
1 1 1226 1227 INV
2 1 1109 1227 1228 AND
1 1 1228 1229 INV
2 1 1106 1107 1230 AND
1 1 1230 1231 INV
2 1 1105 1231 1232 AND
2 1 1229 1232 1233 AND
1 1 1233 1234 INV
2 1 1103 1234 1235 AND
1 1 1235 1236 INV
2 1 1099 1100 1237 AND
1 1 1237 1238 INV
2 1 1098 1238 1239 AND
1 1 1239 1240 INV
2 1 1096 1240 1241 AND
1 1 1241 1242 INV
2 1 1093 1094 1243 AND
1 1 1243 1244 INV
2 1 1092 1244 1245 AND
2 1 1242 1245 1246 AND
2 1 1236 1246 1247 AND
2 1 1223 1247 1248 AND
1 1 1248 1249 INV
2 1 1090 1249 1250 AND
1 1 1250 1251 INV
2 1 1083 1087 1252 AND
1 1 1252 1253 INV
2 1 1086 1253 1254 AND
1 1 1254 1255 INV
2 1 1082 1255 1256 AND
1 1 1256 1257 INV
2 1 1079 1080 1258 AND
1 1 1258 1259 INV
2 1 1078 1259 1260 AND
2 1 1257 1260 1261 AND
1 1 1261 1262 INV
2 1 1076 1262 1263 AND
1 1 1263 1264 INV
2 1 1072 1073 1265 AND
1 1 1265 1266 INV
2 1 1071 1266 1267 AND
1 1 1267 1268 INV
2 1 1069 1268 1269 AND
1 1 1269 1270 INV
2 1 1066 1067 1271 AND
1 1 1271 1272 INV
2 1 1065 1272 1273 AND
2 1 1270 1273 1274 AND
2 1 1264 1274 1275 AND
2 1 1251 1275 1276 AND
1 1 1276 1277 INV
2 1 1063 1277 1278 AND
1 1 1278 1279 INV
2 1 1050 1051 1280 AND
1 1 1280 1281 INV
2 1 1049 1281 1282 AND
1 1 1282 1283 INV
2 1 1038 1039 1284 AND
1 1 1284 1285 INV
2 1 1037 1285 1286 AND
1 1 1286 1287 INV
2 1 1047 1287 1288 AND
1 1 1288 1289 INV
2 1 1042 1045 1290 AND
1 1 1290 1291 INV
2 1 1044 1291 1292 AND
2 1 1289 1292 1293 AND
1 1 1293 1294 INV
2 1 1001 1002 1295 AND
1 1 1295 1296 INV
2 1 1000 1296 1297 AND
1 1 1297 1298 INV
2 1 998 1298 1299 AND
1 1 1299 1300 INV
2 1 995 996 1301 AND
1 1 1301 1302 INV
2 1 994 1302 1303 AND
2 1 1300 1303 1304 AND
1 1 1304 1305 INV
2 1 992 1305 1306 AND
1 1 1306 1307 INV
2 1 988 989 1308 AND
1 1 1308 1309 INV
2 1 987 1309 1310 AND
1 1 1310 1311 INV
2 1 985 1311 1312 AND
1 1 1312 1313 INV
2 1 982 983 1314 AND
1 1 1314 1315 INV
2 1 981 1315 1316 AND
2 1 1313 1316 1317 AND
2 1 1307 1317 1318 AND
1 1 1318 1319 INV
2 1 1034 1319 1320 AND
1 1 1320 1321 INV
2 1 1027 1031 1322 AND
1 1 1322 1323 INV
2 1 1030 1323 1324 AND
1 1 1324 1325 INV
2 1 1026 1325 1326 AND
1 1 1326 1327 INV
2 1 1023 1024 1328 AND
1 1 1328 1329 INV
2 1 1022 1329 1330 AND
2 1 1327 1330 1331 AND
1 1 1331 1332 INV
2 1 1020 1332 1333 AND
1 1 1333 1334 INV
2 1 1016 1017 1335 AND
1 1 1335 1336 INV
2 1 1015 1336 1337 AND
1 1 1337 1338 INV
2 1 1013 1338 1339 AND
1 1 1339 1340 INV
2 1 1010 1011 1341 AND
1 1 1341 1342 INV
2 1 1009 1342 1343 AND
2 1 1340 1343 1344 AND
2 1 1334 1344 1345 AND
2 1 1321 1345 1346 AND
1 1 1346 1347 INV
2 1 979 1347 1348 AND
1 1 1348 1349 INV
2 1 974 975 1350 AND
1 1 1350 1351 INV
2 1 973 1351 1352 AND
1 1 1352 1353 INV
2 1 971 1353 1354 AND
1 1 1354 1355 INV
2 1 968 969 1356 AND
1 1 1356 1357 INV
2 1 967 1357 1358 AND
2 1 1355 1358 1359 AND
1 1 1359 1360 INV
2 1 965 1360 1361 AND
1 1 1361 1362 INV
2 1 961 962 1363 AND
1 1 1363 1364 INV
2 1 960 1364 1365 AND
1 1 1365 1366 INV
2 1 958 1366 1367 AND
1 1 1367 1368 INV
2 1 955 956 1369 AND
1 1 1369 1370 INV
2 1 954 1370 1371 AND
2 1 1368 1371 1372 AND
2 1 1362 1372 1373 AND
2 1 1349 1373 1374 AND
1 1 1374 1375 INV
2 1 1061 1375 1376 AND
1 1 1376 1377 INV
2 1 1057 1294 1378 AND
1 1 1378 1379 INV
2 1 1056 1283 1380 AND
1 1 1380 1381 INV
2 1 1035 1054 1382 AND
1 1 1382 1383 INV
2 1 1041 1383 1384 AND
2 1 1381 1384 1385 AND
2 1 1379 1385 1386 AND
2 1 1377 1386 1387 AND
2 1 1279 1387 1388 AND
1 1 1388 1389 INV
2 1 952 1389 1390 AND
1 1 1390 1391 INV
2 1 943 944 1392 AND
1 1 1392 1393 INV
2 1 942 1393 1394 AND
1 1 1394 1395 INV
2 1 929 933 1396 AND
1 1 1396 1397 INV
2 1 932 1397 1398 AND
1 1 1398 1399 INV
2 1 940 1399 1400 AND
1 1 1400 1401 INV
2 1 935 938 1402 AND
1 1 1402 1403 INV
2 1 937 1403 1404 AND
2 1 1401 1404 1405 AND
1 1 1405 1406 INV
2 1 889 890 1407 AND
1 1 1407 1408 INV
2 1 888 1408 1409 AND
1 1 1409 1410 INV
2 1 886 1410 1411 AND
1 1 1411 1412 INV
2 1 883 884 1413 AND
1 1 1413 1414 INV
2 1 882 1414 1415 AND
2 1 1412 1415 1416 AND
1 1 1416 1417 INV
2 1 880 1417 1418 AND
1 1 1418 1419 INV
2 1 876 877 1420 AND
1 1 1420 1421 INV
2 1 875 1421 1422 AND
1 1 1422 1423 INV
2 1 873 1423 1424 AND
1 1 1424 1425 INV
2 1 870 871 1426 AND
1 1 1426 1427 INV
2 1 869 1427 1428 AND
2 1 1425 1428 1429 AND
2 1 1419 1429 1430 AND
1 1 1430 1431 INV
2 1 922 1431 1432 AND
1 1 1432 1433 INV
2 1 904 905 1434 AND
1 1 1434 1435 INV
2 1 903 1435 1436 AND
1 1 1436 1437 INV
2 1 901 1437 1438 AND
1 1 1438 1439 INV
2 1 898 899 1440 AND
1 1 1440 1441 INV
2 1 897 1441 1442 AND
2 1 1439 1442 1443 AND
2 1 915 919 1444 AND
1 1 1444 1445 INV
2 1 918 1445 1446 AND
1 1 1446 1447 INV
2 1 914 1447 1448 AND
1 1 1448 1449 INV
2 1 911 912 1450 AND
1 1 1450 1451 INV
2 1 910 1451 1452 AND
2 1 1449 1452 1453 AND
1 1 1453 1454 INV
2 1 908 1454 1455 AND
1 1 1455 1456 INV
2 1 1443 1456 1457 AND
2 1 1433 1457 1458 AND
1 1 1458 1459 INV
2 1 867 1459 1460 AND
1 1 1460 1461 INV
2 1 862 863 1462 AND
1 1 1462 1463 INV
2 1 861 1463 1464 AND
1 1 1464 1465 INV
2 1 859 1465 1466 AND
1 1 1466 1467 INV
2 1 856 857 1468 AND
1 1 1468 1469 INV
2 1 855 1469 1470 AND
2 1 1467 1470 1471 AND
1 1 1471 1472 INV
2 1 853 1472 1473 AND
1 1 1473 1474 INV
2 1 849 850 1475 AND
1 1 1475 1476 INV
2 1 848 1476 1477 AND
1 1 1477 1478 INV
2 1 846 1478 1479 AND
1 1 1479 1480 INV
2 1 843 844 1481 AND
1 1 1481 1482 INV
2 1 842 1482 1483 AND
2 1 1480 1483 1484 AND
2 1 1474 1484 1485 AND
2 1 1461 1485 1486 AND
1 1 1486 1487 INV
2 1 949 1487 1488 AND
1 1 1488 1489 INV
2 1 947 1406 1490 AND
1 1 1490 1491 INV
2 1 928 1395 1492 AND
1 1 1492 1493 INV
2 1 923 926 1494 AND
1 1 1494 1495 INV
2 1 925 1495 1496 AND
2 1 1493 1496 1497 AND
2 1 1491 1497 1498 AND
2 1 1489 1498 1499 AND
1 1 1499 1500 INV
2 1 840 1500 1501 AND
1 1 1501 1502 INV
2 1 778 779 1503 AND
1 1 1503 1504 INV
2 1 777 1504 1505 AND
1 1 1505 1506 INV
2 1 775 1506 1507 AND
1 1 1507 1508 INV
2 1 772 773 1509 AND
1 1 1509 1510 INV
2 1 771 1510 1511 AND
2 1 1508 1511 1512 AND
1 1 1512 1513 INV
2 1 769 1513 1514 AND
1 1 1514 1515 INV
2 1 765 766 1516 AND
1 1 1516 1517 INV
2 1 764 1517 1518 AND
1 1 1518 1519 INV
2 1 762 1519 1520 AND
1 1 1520 1521 INV
2 1 759 760 1522 AND
1 1 1522 1523 INV
2 1 758 1523 1524 AND
2 1 1521 1524 1525 AND
2 1 1515 1525 1526 AND
1 1 1526 1527 INV
2 1 811 1527 1528 AND
1 1 1528 1529 INV
2 1 804 808 1530 AND
1 1 1530 1531 INV
2 1 807 1531 1532 AND
1 1 1532 1533 INV
2 1 803 1533 1534 AND
1 1 1534 1535 INV
2 1 800 801 1536 AND
1 1 1536 1537 INV
2 1 799 1537 1538 AND
2 1 1535 1538 1539 AND
1 1 1539 1540 INV
2 1 797 1540 1541 AND
1 1 1541 1542 INV
2 1 793 794 1543 AND
1 1 1543 1544 INV
2 1 792 1544 1545 AND
1 1 1545 1546 INV
2 1 790 1546 1547 AND
1 1 1547 1548 INV
2 1 787 788 1549 AND
1 1 1549 1550 INV
2 1 786 1550 1551 AND
2 1 1548 1551 1552 AND
2 1 1542 1552 1553 AND
2 1 1529 1553 1554 AND
1 1 1554 1555 INV
2 1 756 1555 1556 AND
1 1 1556 1557 INV
2 1 751 752 1558 AND
1 1 1558 1559 INV
2 1 750 1559 1560 AND
1 1 1560 1561 INV
2 1 748 1561 1562 AND
1 1 1562 1563 INV
2 1 745 746 1564 AND
1 1 1564 1565 INV
2 1 744 1565 1566 AND
2 1 1563 1566 1567 AND
1 1 1567 1568 INV
2 1 742 1568 1569 AND
1 1 1569 1570 INV
2 1 738 739 1571 AND
1 1 1571 1572 INV
2 1 737 1572 1573 AND
1 1 1573 1574 INV
2 1 735 1574 1575 AND
1 1 1575 1576 INV
2 1 732 733 1577 AND
1 1 1577 1578 INV
2 1 731 1578 1579 AND
2 1 1576 1579 1580 AND
2 1 1570 1580 1581 AND
2 1 1557 1581 1582 AND
1 1 1582 1583 INV
2 1 838 1583 1584 AND
1 1 1584 1585 INV
2 1 827 828 1586 AND
1 1 1586 1587 INV
2 1 826 1587 1588 AND
1 1 1588 1589 INV
2 1 815 816 1590 AND
1 1 1590 1591 INV
2 1 814 1591 1592 AND
1 1 1592 1593 INV
2 1 824 1593 1594 AND
1 1 1594 1595 INV
2 1 819 822 1596 AND
1 1 1596 1597 INV
2 1 821 1597 1598 AND
2 1 1595 1598 1599 AND
1 1 1599 1600 INV
2 1 834 1600 1601 AND
1 1 1601 1602 INV
2 1 833 1589 1603 AND
1 1 1603 1604 INV
2 1 812 831 1605 AND
1 1 1605 1606 INV
2 1 818 1606 1607 AND
2 1 1604 1607 1608 AND
2 1 1602 1608 1609 AND
2 1 1585 1609 1610 AND
2 1 1502 1610 1611 AND
2 1 1391 1611 1612 AND
1 1 1612 1613 INV
2 1 729 1613 1614 AND
1 1 1614 1615 INV
2 1 637 638 1616 AND
1 1 1616 1617 INV
2 1 636 1617 1618 AND
1 1 1618 1619 INV
2 1 623 627 1620 AND
1 1 1620 1621 INV
2 1 626 1621 1622 AND
1 1 1622 1623 INV
2 1 634 1623 1624 AND
1 1 1624 1625 INV
2 1 629 632 1626 AND
1 1 1626 1627 INV
2 1 631 1627 1628 AND
2 1 1625 1628 1629 AND
1 1 1629 1630 INV
2 1 665 666 1631 AND
1 1 1631 1632 INV
2 1 664 1632 1633 AND
1 1 1633 1634 INV
2 1 662 1634 1635 AND
1 1 1635 1636 INV
2 1 659 660 1637 AND
1 1 1637 1638 INV
2 1 658 1638 1639 AND
2 1 1636 1639 1640 AND
1 1 1640 1641 INV
2 1 656 1641 1642 AND
1 1 1642 1643 INV
2 1 652 653 1644 AND
1 1 1644 1645 INV
2 1 651 1645 1646 AND
1 1 1646 1647 INV
2 1 649 1647 1648 AND
1 1 1648 1649 INV
2 1 646 647 1650 AND
1 1 1650 1651 INV
2 1 645 1651 1652 AND
2 1 1649 1652 1653 AND
2 1 1643 1653 1654 AND
1 1 1654 1655 INV
2 1 725 1655 1656 AND
1 1 1656 1657 INV
2 1 707 708 1658 AND
1 1 1658 1659 INV
2 1 706 1659 1660 AND
1 1 1660 1661 INV
2 1 704 1661 1662 AND
1 1 1662 1663 INV
2 1 701 702 1664 AND
1 1 1664 1665 INV
2 1 700 1665 1666 AND
2 1 1663 1666 1667 AND
2 1 718 722 1668 AND
1 1 1668 1669 INV
2 1 721 1669 1670 AND
1 1 1670 1671 INV
2 1 717 1671 1672 AND
1 1 1672 1673 INV
2 1 714 715 1674 AND
1 1 1674 1675 INV
2 1 713 1675 1676 AND
2 1 1673 1676 1677 AND
1 1 1677 1678 INV
2 1 711 1678 1679 AND
1 1 1679 1680 INV
2 1 1667 1680 1681 AND
2 1 1657 1681 1682 AND
1 1 1682 1683 INV
2 1 698 1683 1684 AND
1 1 1684 1685 INV
2 1 693 694 1686 AND
1 1 1686 1687 INV
2 1 692 1687 1688 AND
1 1 1688 1689 INV
2 1 690 1689 1690 AND
1 1 1690 1691 INV
2 1 687 688 1692 AND
1 1 1692 1693 INV
2 1 686 1693 1694 AND
2 1 1691 1694 1695 AND
1 1 1695 1696 INV
2 1 684 1696 1697 AND
1 1 1697 1698 INV
2 1 680 681 1699 AND
1 1 1699 1700 INV
2 1 679 1700 1701 AND
1 1 1701 1702 INV
2 1 677 1702 1703 AND
1 1 1703 1704 INV
2 1 674 675 1705 AND
1 1 1705 1706 INV
2 1 673 1706 1707 AND
2 1 1704 1707 1708 AND
2 1 1698 1708 1709 AND
2 1 1685 1709 1710 AND
1 1 1710 1711 INV
2 1 643 1711 1712 AND
1 1 1712 1713 INV
2 1 641 1630 1714 AND
1 1 1714 1715 INV
2 1 622 1619 1716 AND
1 1 1716 1717 INV
2 1 617 620 1718 AND
1 1 1718 1719 INV
2 1 619 1719 1720 AND
2 1 1717 1720 1721 AND
2 1 1715 1721 1722 AND
2 1 1713 1722 1723 AND
1 1 1723 1724 INV
2 1 616 1724 1725 AND
1 1 1725 1726 INV
2 1 608 609 1727 AND
1 1 1727 1728 INV
2 1 607 1728 1729 AND
1 1 1729 1730 INV
2 1 594 598 1731 AND
1 1 1731 1732 INV
2 1 597 1732 1733 AND
1 1 1733 1734 INV
2 1 605 1734 1735 AND
1 1 1735 1736 INV
2 1 600 603 1737 AND
1 1 1737 1738 INV
2 1 602 1738 1739 AND
2 1 1736 1739 1740 AND
1 1 1740 1741 INV
2 1 612 1741 1742 AND
1 1 1742 1743 INV
2 1 593 1730 1744 AND
1 1 1744 1745 INV
2 1 588 591 1746 AND
1 1 1746 1747 INV
2 1 590 1747 1748 AND
2 1 1745 1748 1749 AND
2 1 1743 1749 1750 AND
2 1 554 555 1751 AND
1 1 1751 1752 INV
2 1 553 1752 1753 AND
1 1 1753 1754 INV
2 1 551 1754 1755 AND
1 1 1755 1756 INV
2 1 548 549 1757 AND
1 1 1757 1758 INV
2 1 547 1758 1759 AND
2 1 1756 1759 1760 AND
1 1 1760 1761 INV
2 1 545 1761 1762 AND
1 1 1762 1763 INV
2 1 541 542 1764 AND
1 1 1764 1765 INV
2 1 540 1765 1766 AND
1 1 1766 1767 INV
2 1 538 1767 1768 AND
1 1 1768 1769 INV
2 1 535 536 1770 AND
1 1 1770 1771 INV
2 1 534 1771 1772 AND
2 1 1769 1772 1773 AND
2 1 1763 1773 1774 AND
1 1 1774 1775 INV
2 1 587 1775 1776 AND
1 1 1776 1777 INV
2 1 580 584 1778 AND
1 1 1778 1779 INV
2 1 583 1779 1780 AND
1 1 1780 1781 INV
2 1 579 1781 1782 AND
1 1 1782 1783 INV
2 1 576 577 1784 AND
1 1 1784 1785 INV
2 1 575 1785 1786 AND
2 1 1783 1786 1787 AND
1 1 1787 1788 INV
2 1 573 1788 1789 AND
1 1 1789 1790 INV
2 1 569 570 1791 AND
1 1 1791 1792 INV
2 1 568 1792 1793 AND
1 1 1793 1794 INV
2 1 566 1794 1795 AND
1 1 1795 1796 INV
2 1 563 564 1797 AND
1 1 1797 1798 INV
2 1 562 1798 1799 AND
2 1 1796 1799 1800 AND
2 1 1790 1800 1801 AND
2 1 1777 1801 1802 AND
1 1 1802 1803 INV
2 1 532 1803 1804 AND
1 1 1804 1805 INV
2 1 527 528 1806 AND
1 1 1806 1807 INV
2 1 526 1807 1808 AND
1 1 1808 1809 INV
2 1 524 1809 1810 AND
1 1 1810 1811 INV
2 1 521 522 1812 AND
1 1 1812 1813 INV
2 1 520 1813 1814 AND
2 1 1811 1814 1815 AND
1 1 1815 1816 INV
2 1 518 1816 1817 AND
1 1 1817 1818 INV
2 1 514 515 1819 AND
1 1 1819 1820 INV
2 1 513 1820 1821 AND
1 1 1821 1822 INV
2 1 2559 1822 1823 AND
1 1 1823 1824 INV
2 1 2556 2557 1825 AND
1 1 1825 1826 INV
2 1 2555 1826 1827 AND
2 1 1824 1827 1828 AND
2 1 1818 1828 1829 AND
2 1 1805 1829 1830 AND
1 1 1830 1831 INV
2 1 614 1831 1832 AND
1 1 1832 1833 INV
2 1 1750 1833 1834 AND
2 1 1726 1834 1835 AND
1 1 1835 1836 INV
2 1 2553 1836 1837 AND
1 1 1837 1838 INV
2 1 2490 2491 1839 AND
1 1 1839 1840 INV
2 1 2489 1840 1841 AND
1 1 1841 1842 INV
2 1 2487 1842 1843 AND
1 1 1843 1844 INV
2 1 2484 2485 1845 AND
1 1 1845 1846 INV
2 1 2483 1846 1847 AND
2 1 1844 1847 1848 AND
1 1 1848 1849 INV
2 1 2481 1849 1850 AND
1 1 1850 1851 INV
2 1 2477 2478 1852 AND
1 1 1852 1853 INV
2 1 2476 1853 1854 AND
1 1 1854 1855 INV
2 1 2474 1855 1856 AND
1 1 1856 1857 INV
2 1 2471 2472 1858 AND
1 1 1858 1859 INV
2 1 2470 1859 1860 AND
2 1 1857 1860 1861 AND
2 1 1851 1861 1862 AND
1 1 1862 1863 INV
2 1 2550 1863 1864 AND
1 1 1864 1865 INV
2 1 2532 2533 1866 AND
1 1 1866 1867 INV
2 1 2531 1867 1868 AND
1 1 1868 1869 INV
2 1 2529 1869 1870 AND
1 1 1870 1871 INV
2 1 2526 2527 1872 AND
1 1 1872 1873 INV
2 1 2525 1873 1874 AND
2 1 1871 1874 1875 AND
2 1 2543 2547 1876 AND
1 1 1876 1877 INV
2 1 2546 1877 1878 AND
1 1 1878 1879 INV
2 1 2542 1879 1880 AND
1 1 1880 1881 INV
2 1 2539 2540 1882 AND
1 1 1882 1883 INV
2 1 2538 1883 1884 AND
2 1 1881 1884 1885 AND
1 1 1885 1886 INV
2 1 2536 1886 1887 AND
1 1 1887 1888 INV
2 1 1875 1888 1889 AND
2 1 1865 1889 1890 AND
1 1 1890 1891 INV
2 1 2468 1891 1892 AND
1 1 1892 1893 INV
2 1 2463 2464 1894 AND
1 1 1894 1895 INV
2 1 2462 1895 1896 AND
1 1 1896 1897 INV
2 1 2460 1897 1898 AND
1 1 1898 1899 INV
2 1 2457 2458 1900 AND
1 1 1900 1901 INV
2 1 2456 1901 1902 AND
2 1 1899 1902 1903 AND
1 1 1903 1904 INV
2 1 2454 1904 1905 AND
1 1 1905 1906 INV
2 1 2450 2451 1907 AND
1 1 1907 1908 INV
2 1 2449 1908 1909 AND
1 1 1909 1910 INV
2 1 2447 1910 1911 AND
1 1 1911 1912 INV
2 1 2444 2445 1913 AND
1 1 1913 1914 INV
2 1 2443 1914 1915 AND
2 1 1912 1915 1916 AND
2 1 1906 1916 1917 AND
2 1 1893 1917 1918 AND
1 1 1918 1919 INV
2 1 2523 1919 1920 AND
1 1 1920 1921 INV
2 1 2517 2518 1922 AND
1 1 1922 1923 INV
2 1 2516 1923 1924 AND
1 1 1924 1925 INV
2 1 2503 2507 1926 AND
1 1 1926 1927 INV
2 1 2506 1927 1928 AND
1 1 1928 1929 INV
2 1 2514 1929 1930 AND
1 1 1930 1931 INV
2 1 2509 2512 1932 AND
1 1 1932 1933 INV
2 1 2511 1933 1934 AND
2 1 1931 1934 1935 AND
1 1 1935 1936 INV
2 1 2521 1936 1937 AND
1 1 1937 1938 INV
2 1 2502 1925 1939 AND
1 1 1939 1940 INV
2 1 2497 2500 1941 AND
1 1 1941 1942 INV
2 1 2499 1942 1943 AND
2 1 1940 1943 1944 AND
2 1 1938 1944 1945 AND
2 1 1921 1945 1946 AND
1 1 1946 1947 INV
2 1 2441 1947 1948 AND
1 1 1948 1949 INV
2 1 2345 2346 1950 AND
1 1 1950 1951 INV
2 1 2344 1951 1952 AND
1 1 1952 1953 INV
2 1 2339 2340 1954 AND
1 1 1954 1955 INV
2 1 2338 1955 1956 AND
1 1 1956 1957 INV
2 1 2354 1957 1958 AND
1 1 1958 1959 INV
2 1 2349 2352 1960 AND
1 1 1960 1961 INV
2 1 2351 1961 1962 AND
2 1 1959 1962 1963 AND
1 1 1963 1964 INV
2 1 2379 2380 1965 AND
1 1 1965 1966 INV
2 1 2378 1966 1967 AND
1 1 1967 1968 INV
2 1 2376 1968 1969 AND
1 1 1969 1970 INV
2 1 2373 2374 1971 AND
1 1 1971 1972 INV
2 1 2372 1972 1973 AND
2 1 1970 1973 1974 AND
1 1 1974 1975 INV
2 1 2370 1975 1976 AND
1 1 1976 1977 INV
2 1 2366 2367 1978 AND
1 1 1978 1979 INV
2 1 2365 1979 1980 AND
1 1 1980 1981 INV
2 1 2363 1981 1982 AND
1 1 1982 1983 INV
2 1 2360 2361 1984 AND
1 1 1984 1985 INV
2 1 2359 1985 1986 AND
2 1 1983 1986 1987 AND
2 1 1977 1987 1988 AND
1 1 1988 1989 INV
2 1 2412 1989 1990 AND
1 1 1990 1991 INV
2 1 2405 2409 1992 AND
1 1 1992 1993 INV
2 1 2408 1993 1994 AND
1 1 1994 1995 INV
2 1 2404 1995 1996 AND
1 1 1996 1997 INV
2 1 2401 2402 1998 AND
1 1 1998 1999 INV
2 1 2400 1999 2000 AND
2 1 1997 2000 2001 AND
1 1 2001 2002 INV
2 1 2398 2002 2003 AND
1 1 2003 2004 INV
2 1 2394 2395 2005 AND
1 1 2005 2006 INV
2 1 2393 2006 2007 AND
1 1 2007 2008 INV
2 1 2391 2008 2009 AND
1 1 2009 2010 INV
2 1 2388 2389 2011 AND
1 1 2011 2012 INV
2 1 2387 2012 2013 AND
2 1 2010 2013 2014 AND
2 1 2004 2014 2015 AND
2 1 1991 2015 2016 AND
1 1 2016 2017 INV
2 1 2357 2017 2018 AND
1 1 2018 2019 INV
2 1 2355 1964 2020 AND
1 1 2020 2021 INV
2 1 2336 1953 2022 AND
1 1 2022 2023 INV
2 1 2331 2334 2024 AND
1 1 2024 2025 INV
2 1 2333 2025 2026 AND
2 1 2023 2026 2027 AND
2 1 2021 2027 2028 AND
2 1 2019 2028 2029 AND
1 1 2029 2030 INV
2 1 2439 2030 2031 AND
1 1 2031 2032 INV
2 1 2428 2429 2033 AND
1 1 2033 2034 INV
2 1 2427 2034 2035 AND
1 1 2035 2036 INV
2 1 2416 2417 2037 AND
1 1 2037 2038 INV
2 1 2415 2038 2039 AND
1 1 2039 2040 INV
2 1 2425 2040 2041 AND
1 1 2041 2042 INV
2 1 2420 2423 2043 AND
1 1 2043 2044 INV
2 1 2422 2044 2045 AND
2 1 2042 2045 2046 AND
1 1 2046 2047 INV
2 1 2435 2047 2048 AND
1 1 2048 2049 INV
2 1 2434 2036 2050 AND
1 1 2050 2051 INV
2 1 2413 2432 2052 AND
1 1 2052 2053 INV
2 1 2419 2053 2054 AND
2 1 2051 2054 2055 AND
2 1 2049 2055 2056 AND
2 1 2032 2056 2057 AND
2 1 1949 2057 2058 AND
2 1 1838 2058 2059 AND
2 1 1615 2059 2060 AND
1 1 2060 2061 INV
2 1 2074 256 2062 AND
1 1 2062 2063 INV
2 1 1163 2063 2064 AND
2 1 1169 2064 2065 AND
2 1 1157 2065 2066 AND
2 1 1090 1117 2067 AND
2 1 1144 2067 2068 AND
2 1 2066 2068 2069 AND
2 1 1063 2069 2070 AND
2 1 952 2070 2071 AND
2 1 729 2071 2072 AND
1 1 2072 2073 INV
2 1 2061 2073 2560 AND


